293 84 2.09072
252 54 4.80808
99 86 4.28092
99 87 4.88543
293 88 4.75256
296 78 4.81245
292 81 4.64794
296 79 4.52672
256 86 2.64102
256 87 4.78098
390 82 3.28297
292 82 3.62834
390 83 4.6487
390 84 4.75944
292 84 4.7464
98 86 4.40755
98 87 4.54183
255 84 4.53585
295 91 4.70479
255 85 4.08162
255 86 2.62294
255 87 4.47677
291 82 4.83459
255 88 4.4839
96 47 4.31381
357 76 4.91485
360 78 4.64891
259 91 3.79364
357 78 4.13087
353 81 4.19448
357 79 2.39199
290 84 4.60058
96 87 4.73066
290 88 4.81861
356 78 3.97992
356 79 4.51845
389 78 4.81683
389 79 3.4333
100 86 4.70837
293 76 4.68772
293 90 4.79077
293 77 4.55666
388 78 4.49598
293 78 2.43972
252 47 4.64136
388 79 4.51246
253 86 4.8452
293 79 4.39236
296 81 4.89441
296 82 3.94309
296 83 4.52833
296 84 4.77169
252 85 4.85489
292 78 4.61886
390 79 4.41732
292 79 4.59127
252 86 2.06771
252 87 2.77926
252 88 4.74978
295 82 4.56166
295 83 4.75454
295 84 2.49664
295 85 2.99867
295 86 3.52699
295 87 4.73003
295 88 4.40563
251 84 4.76945
295 89 4.9085
251 85 4.88697
251 86 4.47641
251 87 4.77078
357 81 4.18149
251 88 4.72225
360 82 4.77386
357 82 4.54097
259 83 4.46875
259 84 4.44035
259 85 4.68053
259 86 2.92892
353 76 4.0706
353 77 4.53918
353 78 4.48799
389 80 4.86368
258 86 4.65958
294 81 4.64601
389 82 4.41005
294 82 3.48738
294 83 4.69266
389 83 3.66308
294 84 2.43316
294 85 4.74548
294 86 4.81751
294 88 4.62884
293 80 4.91989
257 86 4.93262
260 86 4.37185
293 81 2.12605
388 82 4.27843
293 82 2.46683
293 83 4.76707
