Swarm  Glowworm   Coordinates                                             RecID  LigID  Luciferin  Neigh   VR     RMSD    PDB             Clashes  Scoring
   26     49       (23.926, -11.654, -8.844, 0.987, 0.079, -0.108, 0.092)      0      0    48.74324     3   0.760   -1.000 lightdock_49.pdb      0   34.870
   49    165       (23.509, -11.361, -9.473, 0.987, 0.071, -0.083, 0.116)      0      0    47.86954     2   0.920   -1.000 lightdock_165.pdb      0   33.947
   68    143      (20.292, -17.346, -14.424, 0.971, 0.059, -0.169, 0.161)      0      0    47.84517     1   3.280   -1.000 lightdock_143.pdb      0   32.344
    3     14        (23.470, -8.216, -7.526, 0.973, 0.079, -0.136, 0.166)      0      0    45.62898     6   0.320   -1.000 lightdock_14.pdb      0   32.002
  101    114      (20.115, -14.716, -14.084, 0.926, 0.182, -0.226, 0.243)      0      0    43.99100     0   0.400   -1.000 lightdock_114.pdb      0   31.283
   85    127        (23.878, -9.237, -6.707, 0.957, 0.099, -0.208, 0.175)      0      0    45.39024     0   5.000   -1.000 lightdock_127.pdb      0   30.263
   74     57        (23.487, -8.436, -6.694, 0.953, 0.102, -0.205, 0.200)      0      0    44.91578     0   4.480   -1.000 lightdock_57.pdb      0   29.958
   24     97      (-6.933, -36.761, -9.920, 0.360, -0.796, 0.458, -0.166)      0      0    44.82654     0   5.000   -1.000 lightdock_97.pdb      0   29.884
   13     63      (9.173, -29.340, -21.298, 0.793, -0.200, 0.462, -0.344)      0      0    43.22546     1   5.000   -1.000 lightdock_63.pdb      0   29.150
   53    196      (8.940, -29.183, -21.088, 0.787, -0.199, 0.449, -0.372)      0      0    41.99333     1   3.200   -1.000 lightdock_196.pdb      0   28.328
  109     14     (15.034, -23.630, -10.552, 0.757, -0.271, 0.198, -0.561)      0      0    40.97100     2   5.000   -1.000 lightdock_14.pdb      0   28.190
   21    163         (25.828, -1.913, 0.976, 0.772, 0.234, -0.496, 0.320)      0      0    41.94195     0   5.000   -1.000 lightdock_163.pdb      0   27.964
   62    120     (17.916, -30.079, -6.476, 0.744, -0.536, -0.366, -0.162)      0      0    41.74299     0   5.000   -1.000 lightdock_120.pdb      0   27.830
  114    191     (-10.852, -34.734, -11.695, 0.681, -0.634, 0.343, 0.131)      0      0    39.71018     2   0.640   -1.000 lightdock_191.pdb      0   27.393
   25     63         (21.067, -8.907, 9.546, 0.635, 0.305, -0.704, 0.094)      0      0    40.93886     0   5.000   -1.000 lightdock_63.pdb      0   27.293
   60    128      (9.705, -27.455, -21.726, 0.816, -0.194, 0.491, -0.235)      0      0    40.81926     0   5.000   -1.000 lightdock_128.pdb      0   27.213
   14     34     (-4.656, -36.262, -10.482, 0.401, -0.825, 0.377, -0.125)      0      0    39.23698     9   0.080   -1.000 lightdock_34.pdb      0   27.061
   28     35        (20.074, -11.189, 9.889, 0.557, 0.312, -0.764, 0.095)      0      0    39.87425     1   5.000   -1.000 lightdock_35.pdb      0   27.040
    9     56       (12.697, -20.094, 6.561, 0.308, -0.833, 0.422, -0.183)      0      0    38.24607     4   0.320   -1.000 lightdock_56.pdb      0   26.615
  110    108        (24.303, -9.879, -7.085, 0.966, 0.077, -0.208, 0.132)      0      0    38.29029     0   0.480   -1.000 lightdock_108.pdb      0   26.610
   44     35     (-2.581, -31.935, -13.485, 0.416, -0.378, 0.573, -0.597)      0      0    35.68261     6   0.160   -1.000 lightdock_35.pdb      0   26.593
   68     54     (13.594, -23.152, -14.275, 0.724, -0.312, 0.401, -0.466)      0      0    37.80602     3   5.000   -1.000 lightdock_54.pdb      0   26.130
   25    161        (26.697, -2.438, -1.085, 0.810, 0.153, -0.472, 0.313)      0      0    38.15015     1   5.000   -1.000 lightdock_161.pdb      0   25.881
   39     41     (-7.624, -27.961, -11.341, 0.304, -0.080, 0.932, -0.183)      0      0    38.60597     0   5.000   -1.000 lightdock_41.pdb      0   25.737
   67    144      (21.267, -16.849, -10.583, 0.916, 0.078, -0.316, 0.236)      0      0    38.55834     0   5.000   -1.000 lightdock_144.pdb      0   25.706
   65    106     (-8.067, -38.056, -12.093, 0.491, -0.728, 0.428, -0.214)      0      0    38.41653     0   3.040   -1.000 lightdock_106.pdb      0   25.648
   10    149    (-11.818, -35.751, -10.256, 0.376, -0.691, 0.514, -0.342)      0      0    38.23764     0   5.000   -1.000 lightdock_149.pdb      0   25.492
    4     77     (-3.671, -28.946, -16.617, 0.462, -0.223, 0.790, -0.336)      0      0    37.80541     1   5.000   -1.000 lightdock_77.pdb      0   25.474
   75    145     (-22.627, -17.946, -12.070, 0.116, 0.041, 0.945, -0.302)      0      0    37.58441     1   1.760   -1.000 lightdock_145.pdb      0   25.334
  111     50     (-0.794, -32.099, -16.318, 0.533, -0.364, 0.635, -0.424)      0      0    36.54806     0   0.800   -1.000 lightdock_50.pdb      0   25.329
   73    185       (22.567, -14.009, -1.732, 0.730, 0.098, -0.596, 0.321)      0      0    37.96594     0   5.000   -1.000 lightdock_185.pdb      0   25.311
   73     94     (20.173, -27.065, -4.526, 0.825, -0.146, -0.520, -0.166)      0      0    37.95037     0   5.000   -1.000 lightdock_94.pdb      0   25.300
   69    145     (12.690, -28.757, -20.661, 0.862, -0.225, 0.379, -0.249)      0      0    37.47508     1   5.000   -1.000 lightdock_145.pdb      0   25.231
  104     34     (19.634, -30.809, -9.102, 0.875, -0.281, -0.347, -0.186)      0      0    35.92709    10   0.000   -1.000 lightdock_34.pdb      0   25.109
   35     84   (-16.462, -25.213, -14.000, -0.035, -0.029, -0.520, 0.853)      0      0    37.63700     0   5.000   -1.000 lightdock_84.pdb      0   25.091
   61     28     (-14.694, -26.488, -13.692, 0.135, 0.008, 0.530, -0.837)      0      0    36.46088     3   1.440   -1.000 lightdock_28.pdb      0   24.819
   64     49         (25.338, -6.027, 4.396, 0.899, 0.183, -0.374, 0.137)      0      0    37.18665     0   5.000   -1.000 lightdock_49.pdb      0   24.791
   40     35     (-12.866, -27.268, -10.974, 0.025, 0.311, -0.738, 0.599)      0      0    37.09831     0   5.000   -1.000 lightdock_35.pdb      0   24.732
  108    121     (17.671, -31.900, -7.823, 0.825, -0.275, -0.406, -0.280)      0      0    36.89315     0   5.000   -1.000 lightdock_121.pdb      0   24.595
   43    195       (17.442, -11.736, -7.401, 0.111, 0.221, -0.942, 0.226)      0      0    33.93184     3   0.800   -1.000 lightdock_195.pdb      0   24.420
   23     72     (23.416, -14.485, -10.133, 0.995, -0.004, -0.102, 0.003)      0      0    34.60018     7   0.520   -1.000 lightdock_72.pdb      0   24.275
   43      9       (21.778, -14.996, -4.664, 0.814, 0.141, -0.497, 0.264)      0      0    36.37011     0   5.000   -1.000  lightdock_9.pdb      0   24.247
   79     36         (25.534, -4.048, 6.205, 0.852, 0.135, -0.444, 0.243)      0      0    35.69402     1   1.120   -1.000 lightdock_36.pdb      0   24.183
   31    173      (9.957, -28.712, -21.273, 0.794, -0.114, 0.424, -0.420)      0      0    34.36737     0   0.400   -1.000 lightdock_173.pdb      0   24.163
   16     59      (-3.678, -26.683, -22.436, 0.613, 0.005, 0.737, -0.284)      0      0    36.09523     0   5.000   -1.000 lightdock_59.pdb      0   24.063
   56      6    (-17.069, -22.376, -15.931, 0.021, -0.059, 0.682, -0.729)      0      0    33.59546     0   0.400   -1.000  lightdock_6.pdb      0   24.010
  109     10    (17.678, -31.903, -10.221, 0.830, -0.484, -0.212, -0.178)      0      0    35.80059     1   5.000   -1.000 lightdock_10.pdb      0   23.966
   68    181     (19.926, -28.929, -5.208, 0.828, -0.166, -0.485, -0.226)      0      0    35.94203     0   5.000   -1.000 lightdock_181.pdb      0   23.961
  100     84       (20.550, -12.404, 10.517, 0.583, 0.155, -0.797, 0.038)      0      0    35.39507     1   4.720   -1.000 lightdock_84.pdb      0   23.806
   12    104         (26.746, -1.358, 3.782, 0.799, 0.136, -0.449, 0.376)      0      0    34.05256     0   0.480   -1.000 lightdock_104.pdb      0   23.541
   34      9       (20.704, -11.800, 10.175, 0.592, 0.148, -0.790, 0.051)      0      0    34.35744     0   0.800   -1.000  lightdock_9.pdb      0   23.512
   48      9     (16.658, -26.542, -20.240, 0.931, -0.070, 0.250, -0.255)      0      0    35.25257     0   5.000   -1.000  lightdock_9.pdb      0   23.502
   14    127   (-16.638, -32.715, -12.364, -0.033, 0.061, -0.131, -0.989)      0      0    34.16646     4   0.480   -1.000 lightdock_127.pdb      0   23.502
   94    188    (-15.587, -24.109, -14.867, 0.305, -0.024, 0.860, -0.407)      0      0    34.49045     1   5.000   -1.000 lightdock_188.pdb      0   23.019
   14     58    (-12.665, -25.613, -13.429, 0.243, -0.086, 0.865, -0.430)      0      0    33.99078     2   5.000   -1.000 lightdock_58.pdb      0   22.992
   71    113      (12.624, -4.585, -37.563, 0.996, -0.047, 0.007, -0.079)      0      0    33.78003     1   1.840   -1.000 lightdock_113.pdb      0   22.691
   86     88      (-3.885, -26.236, -24.275, 0.611, 0.031, 0.753, -0.243)      0      0    33.33370     1   5.000   -1.000 lightdock_88.pdb      0   22.604
   70     87      (-9.161, -32.585, -11.001, 0.081, 0.640, -0.521, 0.559)      0      0    33.08870     1   0.880   -1.000 lightdock_87.pdb      0   22.547
  101    135    (21.182, -29.844, -11.372, 0.925, -0.271, -0.233, -0.129)      0      0    33.80659     0   5.000   -1.000 lightdock_135.pdb      0   22.538
   47     30     (-16.043, -35.148, -7.414, 0.237, -0.466, 0.487, -0.700)      0      0    32.10739    12   0.000   -1.000 lightdock_30.pdb      0   22.405
   39     48     (-18.746, -32.984, -6.667, 0.189, -0.403, 0.576, -0.686)      0      0    32.79299     4   0.480   -1.000 lightdock_48.pdb      0   22.373
  104    170      (12.235, -26.004, -1.161, 0.159, 0.255, -0.830, -0.470)      0      0    33.02904     1   5.000   -1.000 lightdock_170.pdb      0   22.315
  106    179     (18.509, -31.171, -7.333, 0.821, -0.173, -0.469, -0.275)      0      0    31.84079     9   0.080   -1.000 lightdock_179.pdb      0   22.296
   89    153     (-1.638, -40.933, -11.403, 0.628, -0.589, 0.278, -0.427)      0      0    33.07492     1   5.000   -1.000 lightdock_153.pdb      0   22.255
   11     85     (13.363, -24.898, -22.797, 0.930, -0.080, 0.343, -0.104)      0      0    33.00059     0   5.000   -1.000 lightdock_85.pdb      0   22.003
   17     43      (1.378, -41.480, -10.211, 0.626, -0.687, 0.207, -0.305)      0      0    32.95059     0   5.000   -1.000 lightdock_43.pdb      0   21.967
   92    191       (18.791, -18.414, -0.348, 0.601, 0.006, -0.756, 0.260)      0      0    32.19768     1   5.000   -1.000 lightdock_191.pdb      0   21.887
   77     69        (27.857, -3.318, -1.368, 0.595, 0.415, -0.659, 0.200)      0      0    32.70953     0   5.000   -1.000 lightdock_69.pdb      0   21.806
   29    194     (12.703, -3.916, -37.264, 0.995, -0.092, -0.002, -0.032)      0      0    32.57413     0   5.000   -1.000 lightdock_194.pdb      0   21.716
  106    139     (11.696, -24.432, -13.438, 0.706, -0.231, 0.342, -0.576)      0      0    32.50341     0   5.000   -1.000 lightdock_139.pdb      0   21.669
    4     23      (8.229, -31.065, -19.988, 0.766, -0.184, 0.418, -0.452)      0      0    32.27469     0   5.000   -1.000 lightdock_23.pdb      0   21.516
   84      0      (12.346, -25.876, -1.237, 0.099, 0.207, -0.850, -0.474)      0      0    32.13773     0   5.000   -1.000  lightdock_0.pdb      0   21.425
   33    193        (22.194, -4.606, -25.377, 0.923, 0.092, 0.285, 0.241)      0      0    32.13454     0   5.000   -1.000 lightdock_193.pdb      0   21.423
   61    129     (-18.169, -35.094, -5.558, 0.219, -0.389, 0.299, -0.843)      0      0    30.96777     6   0.680   -1.000 lightdock_129.pdb      0   21.356
  109     53     (11.681, -28.717, -22.773, 0.955, -0.108, 0.133, -0.240)      0      0    29.38980     3   0.840   -1.000 lightdock_53.pdb      0   21.248
   40     71      (-23.110, -25.961, -5.873, 0.086, -0.085, 0.989, 0.090)      0      0    31.09084     2   1.040   -1.000 lightdock_71.pdb      0   21.232
  118    139       (-6.045, -31.641, -9.280, 0.251, 0.605, -0.162, 0.738)      0      0    31.10542     2   0.640   -1.000 lightdock_139.pdb      0   21.202
  101    112     (23.902, -19.509, -17.059, 0.718, -0.242, 0.025, -0.653)      0      0    31.79637     0   5.000   -1.000 lightdock_112.pdb      0   21.198
   85     34    (25.762, -18.569, -11.930, 0.740, -0.150, -0.178, -0.631)      0      0    31.16788     1   0.920   -1.000 lightdock_34.pdb      0   21.151
   70    199     (-16.665, -36.074, -8.238, 0.299, -0.354, 0.249, -0.851)      0      0    31.23179     4   0.640   -1.000 lightdock_199.pdb      0   21.142
   71     20        (19.308, -9.507, -26.965, 0.899, 0.060, 0.400, 0.168)      0      0    31.63570     0   5.000   -1.000 lightdock_20.pdb      0   21.090
  118     18     (-16.725, -38.148, -2.932, 0.204, -0.431, 0.207, -0.854)      0      0    31.53983     0   5.000   -1.000 lightdock_18.pdb      0   21.027
   37    147    (-15.057, -25.776, -13.473, 0.252, -0.098, 0.840, -0.470)      0      0    31.42921     0   5.000   -1.000 lightdock_147.pdb      0   20.953
   91    169       (2.011, -27.491, -27.176, 0.891, 0.069, 0.439, -0.098)      0      0    31.17105     1   5.000   -1.000 lightdock_169.pdb      0   20.930
   54     25     (17.058, -34.109, -9.390, 0.726, -0.330, -0.287, -0.530)      0      0    30.07742     2   0.640   -1.000 lightdock_25.pdb      0   20.868
  109    124      (20.019, -18.006, -14.406, 0.938, 0.042, -0.297, 0.176)      0      0    31.28396     0   5.000   -1.000 lightdock_124.pdb      0   20.856
    7     46       (19.619, -20.026, -25.016, 0.982, 0.031, 0.170, 0.075)      0      0    30.87330     1   4.280   -1.000 lightdock_46.pdb      0   20.852
   37     53     (-14.914, -33.253, -17.280, 0.284, -0.455, 0.620, 0.573)      0      0    31.08410     1   5.000   -1.000 lightdock_53.pdb      0   20.769
    2     53    (-20.379, -21.496, -15.000, 0.266, -0.010, 0.883, -0.387)      0      0    31.07819     0   5.000   -1.000 lightdock_53.pdb      0   20.719
   84    145     (14.188, -35.584, -5.928, 0.727, -0.553, -0.219, -0.342)      0      0    31.05556     0   5.000   -1.000 lightdock_145.pdb      0   20.704
   22    100      (15.908, -30.701, 7.690, 0.686, -0.151, -0.542, -0.462)      0      0    30.87760     0   5.000   -1.000 lightdock_100.pdb      0   20.585
   23    142       (20.562, -18.773, -23.886, 0.984, 0.094, 0.126, 0.084)      0      0    30.44433    14   1.280   -1.000 lightdock_142.pdb      0   20.580
  104     88      (17.437, -22.280, -1.968, 0.569, -0.013, -0.818, 0.082)      0      0    29.82454     0   0.880   -1.000 lightdock_88.pdb      0   20.510
   51    190        (21.992, -7.688, -23.855, 0.921, 0.137, 0.323, 0.170)      0      0    30.73379     0   5.000   -1.000 lightdock_190.pdb      0   20.489
   53     79    (12.812, -35.123, -10.356, 0.690, -0.664, -0.174, -0.231)      0      0    30.72596     0   5.000   -1.000 lightdock_79.pdb      0   20.484
    8     40        (23.075, -0.753, -27.392, 0.908, 0.113, 0.305, 0.262)      0      0    30.45678     1   5.000   -1.000 lightdock_40.pdb      0   20.483
   46    151     (12.812, -27.138, -1.764, 0.282, -0.236, -0.862, -0.350)      0      0    30.71086     0   5.000   -1.000 lightdock_151.pdb      0   20.474
   75    189   (-16.852, -28.368, -10.487, -0.059, -0.208, 0.491, -0.844)      0      0    30.68368     0   3.680   -1.000 lightdock_189.pdb      0   20.463
   22     61       (18.214, -20.894, 4.876, 0.592, -0.022, -0.792, 0.148)      0      0    30.67552     0   5.000   -1.000 lightdock_61.pdb      0   20.450
    7     98        (20.715, -3.537, -25.751, 0.888, 0.092, 0.387, 0.229)      0      0    30.67378     0   5.000   -1.000 lightdock_98.pdb      0   20.449
   97     31     (19.161, -22.512, -23.555, 0.927, -0.031, 0.324, -0.186)      0      0    29.75154     1   0.480   -1.000 lightdock_31.pdb      0   20.437
   65    188     (-3.513, -30.843, -15.800, 0.416, -0.216, 0.553, -0.689)      0      0    30.07806     2   5.000   -1.000 lightdock_188.pdb      0   20.344
   31     34      (-0.628, -34.932, -21.904, 0.724, -0.671, 0.117, 0.111)      0      0    29.73902     4   0.440   -1.000 lightdock_34.pdb      0   20.329
   11    138     (24.468, -18.459, -17.689, 0.764, -0.207, 0.027, -0.610)      0      0    30.47837     0   5.000   -1.000 lightdock_138.pdb      0   20.319
   81    158      (6.095, -31.396, -12.893, 0.442, -0.398, 0.398, -0.698)      0      0    30.14824     1   5.000   -1.000 lightdock_158.pdb      0   20.312
   44     90      (-4.840, -39.007, -9.516, 0.396, -0.832, 0.352, -0.166)      0      0    30.11845     2   1.400   -1.000 lightdock_90.pdb      0   20.298
   55    144     (-18.385, -34.211, -3.496, 0.092, -0.627, 0.680, -0.368)      0      0    29.58074     7   0.240   -1.000 lightdock_144.pdb      0   20.202
   66    178      (11.658, -29.208, 2.666, 0.142, -0.036, -0.893, -0.425)      0      0    29.83711     0   5.000   -1.000 lightdock_178.pdb      0   19.892
   62     44     (11.066, -24.049, -13.716, 0.694, -0.237, 0.360, -0.576)      0      0    28.39401     1   5.000   -1.000 lightdock_44.pdb      0   19.765
   47     84      (-8.595, -37.630, -11.358, 0.605, -0.695, 0.356, 0.154)      0      0    28.90576     1   0.800   -1.000 lightdock_84.pdb      0   19.720
   70     40     (-17.482, -23.723, -15.801, 0.450, 0.047, 0.842, -0.293)      0      0    27.70053     0   0.400   -1.000 lightdock_40.pdb      0   19.523
   17    177      (-5.217, -34.760, -7.623, 0.185, 0.816, -0.434, -0.334)      0      0    29.27377     0   5.000   -1.000 lightdock_177.pdb      0   19.516
   25     10       (26.125, -12.678, 0.250, 0.880, 0.256, -0.245, -0.315)      0      0    29.23912     0   5.000   -1.000 lightdock_10.pdb      0   19.494
  117    149      (16.012, -17.973, 19.680, 0.506, -0.052, -0.844, 0.168)      0      0    28.93972     1   5.000   -1.000 lightdock_149.pdb      0   19.491
   59    147       (7.300, -26.897, -29.060, 0.934, 0.082, 0.345, -0.043)      0      0    28.42100     1   0.400   -1.000 lightdock_147.pdb      0   19.490
   19    123      (11.870, -25.162, -26.665, 0.908, 0.013, 0.416, -0.054)      0      0    28.54243     3   0.960   -1.000 lightdock_123.pdb      0   19.404
   33    175       (19.995, -19.280, -22.472, 0.979, 0.062, 0.150, 0.121)      0      0    29.09102     0   5.000   -1.000 lightdock_175.pdb      0   19.394
  111    139       (5.146, -27.862, -27.232, 0.909, 0.032, 0.410, -0.074)      0      0    29.03969     0   5.000   -1.000 lightdock_139.pdb      0   19.360
   51    149        (15.477, 0.603, -31.998, 0.859, 0.429, -0.256, 0.116)      0      0    28.43182     0   0.400   -1.000 lightdock_149.pdb      0   19.329
   53    126      (2.581, -41.159, -11.658, 0.711, -0.473, 0.150, -0.499)      0      0    28.80670     1   5.000   -1.000 lightdock_126.pdb      0   19.292
   58     59      (0.605, -28.036, -27.321, 0.637, -0.083, 0.660, -0.389)      0      0    28.37081     1   4.720   -1.000 lightdock_59.pdb      0   19.207
   84    199     (14.597, -28.198, -5.261, 0.439, -0.341, -0.821, -0.133)      0      0    27.90292     1   3.680   -1.000 lightdock_199.pdb      0   18.978
   62    136       (7.836, -33.545, -7.563, 0.385, -0.503, 0.220, -0.742)      0      0    28.11079     1   1.120   -1.000 lightdock_136.pdb      0   18.950
   57    132      (-16.221, -34.124, 1.393, 0.176, 0.349, -0.896, -0.212)      0      0    27.83605     3   1.800   -1.000 lightdock_132.pdb      0   18.928
   50    123     (-1.927, -35.833, -11.670, 0.351, -0.427, 0.462, -0.694)      0      0    28.29840     1   5.000   -1.000 lightdock_123.pdb      0   18.918
   76     27     (-19.270, -17.080, -19.788, 0.713, 0.230, 0.659, -0.064)      0      0    27.39899     3   2.360   -1.000 lightdock_27.pdb      0   18.890
    5    182        (1.620, -23.615, -29.711, 0.869, 0.190, 0.455, 0.047)      0      0    26.42882     0   0.400   -1.000 lightdock_182.pdb      0   18.864
  115    194     (-14.884, -17.964, -24.465, 0.864, 0.220, 0.450, -0.054)      0      0    27.52686     2   0.560   -1.000 lightdock_194.pdb      0   18.798
  103     67      (16.912, -31.427, 3.613, 0.688, -0.316, -0.413, -0.505)      0      0    27.24022     6   0.320   -1.000 lightdock_67.pdb      0   18.765
   72    145     (-26.933, -13.765, -26.454, 0.781, -0.175, 0.548, 0.243)      0      0    27.25743     1   1.760   -1.000 lightdock_145.pdb      0   18.714
  113      8      (12.557, -30.280, 2.888, 0.185, -0.018, -0.884, -0.430)      0      0    28.06821     0   5.000   -1.000  lightdock_8.pdb      0   18.712
   95     55        (8.927, -3.959, -39.091, 0.990, -0.127, 0.057, 0.026)      0      0    27.35421     3   1.040   -1.000 lightdock_55.pdb      0   18.610
    1    100       (28.314, -2.577, -21.000, 0.890, 0.244, -0.172, 0.345)      0      0    27.84237     0   5.000   -1.000 lightdock_100.pdb      0   18.562
   28     16       (17.987, -19.961, -3.673, 0.680, 0.136, -0.695, 0.190)      0      0    27.55904     1   5.000   -1.000 lightdock_16.pdb      0   18.485
   50     72      (7.947, -41.253, -4.493, 0.647, -0.605, -0.086, -0.457)      0      0    27.33974     1   5.000   -1.000 lightdock_72.pdb      0   18.485
  116     64       (18.493, -22.910, -24.212, 0.989, 0.021, 0.146, 0.028)      0      0    26.68590     0   1.040   -1.000 lightdock_64.pdb      0   18.443
  119    176     (-16.643, -17.969, -22.330, 0.797, 0.194, 0.565, -0.088)      0      0    27.64976     0   5.000   -1.000 lightdock_176.pdb      0   18.433
    4    101      (-3.736, -37.669, -12.831, 0.673, -0.695, 0.216, 0.135)      0      0    27.48999     1   5.000   -1.000 lightdock_101.pdb      0   18.422
  107    160     (-16.275, -18.046, -23.224, 0.824, 0.184, 0.530, -0.080)      0      0    27.62578     0   5.000   -1.000 lightdock_160.pdb      0   18.417
   85     20       (29.101, -6.024, -20.082, 0.909, 0.193, -0.207, 0.305)      0      0    26.00000     9   0.160   -1.000 lightdock_20.pdb      0   18.382
   39    166   (-22.756, -25.022, -5.813, -0.161, -0.123, -0.948, -0.247)      0      0    26.43254     0   0.480   -1.000 lightdock_166.pdb      0   18.324
   92    170      (20.498, -24.983, 9.057, 0.716, -0.156, -0.600, -0.322)      0      0    26.92769     1   3.280   -1.000 lightdock_170.pdb      0   18.268
   69    128     (8.427, -37.769, -14.607, 0.742, -0.485, -0.145, -0.440)      0      0    27.36930     0   5.000   -1.000 lightdock_128.pdb      0   18.246
   80    152       (13.764, -20.337, -28.765, 0.960, 0.218, 0.118, 0.131)      0      0    27.16112     1   5.000   -1.000 lightdock_152.pdb      0   18.213
  105    183     (-22.558, -21.101, -26.438, 0.536, -0.357, 0.513, 0.567)      0      0    26.82338     3   1.040   -1.000 lightdock_183.pdb      0   18.195
   35      3    (-20.144, -29.097, -10.082, 0.270, -0.397, 0.860, -0.173)      0      0    26.55195     0   1.280   -1.000  lightdock_3.pdb      0   18.184
   13     31       (18.448, -22.941, -20.841, 0.993, 0.057, 0.035, 0.095)      0      0    26.93726     1   4.800   -1.000 lightdock_31.pdb      0   18.175
   20     89    (-11.415, -34.921, -5.880, 0.425, -0.261, -0.551, -0.669)      0      0    26.07477     4   4.760   -1.000 lightdock_89.pdb      0   18.147
   44    152      (9.829, -36.404, -11.567, 0.715, -0.272, 0.117, -0.633)      0      0    26.10026     1   0.760   -1.000 lightdock_152.pdb      0   18.133
   38    195     (12.518, -32.789, 12.248, 0.594, -0.006, -0.623, -0.509)      0      0    27.16148     0   5.000   -1.000 lightdock_195.pdb      0   18.108
  112     88    (19.963, -28.667, -15.262, 0.930, -0.325, -0.170, -0.029)      0      0    27.14350     0   5.000   -1.000 lightdock_88.pdb      0   18.096
   41     31      (15.154, -18.769, 21.901, 0.319, -0.242, -0.914, 0.065)      0      0    26.09365     2   0.640   -1.000 lightdock_31.pdb      0   18.055
    6     73        (4.427, -30.182, 14.069, 0.233, -0.041, 0.868, 0.437)      0      0    26.82142     3   2.240   -1.000 lightdock_73.pdb      0   18.000
   61    114     (-13.051, -35.874, -11.493, 0.656, -0.433, 0.504, 0.358)      0      0    26.74846     0   5.000   -1.000 lightdock_114.pdb      0   17.832
  118     63     (-19.993, -30.592, -3.895, -0.025, 0.447, -0.887, 0.111)      0      0    26.52907     1   5.000   -1.000 lightdock_63.pdb      0   17.762
   86      0      (-4.875, -34.012, -22.445, 0.752, -0.608, 0.240, 0.088)      0      0    26.01125     3   0.640   -1.000  lightdock_0.pdb      0   17.716
   24    163     (-15.007, -38.231, -3.016, 0.162, -0.554, 0.437, -0.690)      0      0    24.84782     6   0.360   -1.000 lightdock_163.pdb      0   17.651
    6    126       (7.971, -36.162, 14.936, 0.502, 0.345, -0.520, -0.599)      0      0    25.47238     4   4.360   -1.000 lightdock_126.pdb      0   17.607
   45    132      (-4.162, -26.112, -25.372, 0.598, 0.013, 0.796, -0.091)      0      0    25.97868     1   5.000   -1.000 lightdock_132.pdb      0   17.586
    9     79      (5.357, -26.264, 19.927, 0.044, -0.045, -0.996, -0.057)      0      0    26.22309     0   2.720   -1.000 lightdock_79.pdb      0   17.548
    7     84     (15.310, -14.038, -37.569, 0.978, -0.190, 0.086, -0.015)      0      0    25.01813     5   0.360   -1.000 lightdock_84.pdb      0   17.494
   43     79       (23.417, -17.496, 7.338, 0.657, 0.212, -0.687, -0.228)      0      0    26.21329     0   5.000   -1.000 lightdock_79.pdb      0   17.476
   69    140       (7.819, -27.050, -19.148, 0.888, 0.043, -0.446, 0.099)      0      0    24.79909     3   1.000   -1.000 lightdock_140.pdb      0   17.458
   18    124      (-6.921, -17.484, -40.530, 0.843, -0.439, 0.287, 0.118)      0      0    26.08829     0   5.000   -1.000 lightdock_124.pdb      0   17.392
   56    195     (-22.594, -23.379, -26.984, 0.445, -0.430, 0.550, 0.561)      0      0    25.70056     2   3.560   -1.000 lightdock_195.pdb      0   17.353
  101    145     (12.893, -25.309, -12.469, 0.804, -0.139, 0.261, -0.516)      0      0    25.97099     0   5.000   -1.000 lightdock_145.pdb      0   17.314
   12     57       (27.481, -14.936, 0.573, 0.775, 0.155, -0.586, -0.179)      0      0    25.64353     1   5.000   -1.000 lightdock_57.pdb      0   17.296
  117    169       (18.692, -22.037, 4.874, 0.480, -0.204, -0.841, 0.144)      0      0    25.19984     2   0.640   -1.000 lightdock_169.pdb      0   17.257
    0     88      (4.255, -27.708, -29.702, 0.678, -0.078, 0.632, -0.367)      0      0    25.88366     0   5.000   -1.000 lightdock_88.pdb      0   17.256
   10     23     (-14.033, -30.068, -14.301, 0.383, -0.211, 0.195, 0.878)      0      0    25.86332     0   5.000   -1.000 lightdock_23.pdb      0   17.242
   82     19        (3.686, -33.289, 11.923, 0.285, -0.193, 0.792, 0.503)      0      0    25.55056     1   1.440   -1.000 lightdock_19.pdb      0   17.234
   81      9     (15.112, -32.277, -8.305, 0.785, -0.268, -0.036, -0.557)      0      0    23.44896     0   0.400   -1.000  lightdock_9.pdb      0   17.136
   27     45       (18.026, -21.562, -26.159, 0.971, 0.025, 0.231, 0.049)      0      0    25.69762     0   5.000   -1.000 lightdock_45.pdb      0   17.132
   40     84     (-20.160, -29.997, -17.264, 0.565, -0.349, 0.582, 0.469)      0      0    25.60859     0   5.000   -1.000 lightdock_84.pdb      0   17.072
   38    120      (9.873, -25.781, 18.209, 0.324, -0.224, -0.917, -0.058)      0      0    24.40912     1   0.920   -1.000 lightdock_120.pdb      0   16.993
   76    166     (-11.549, -29.950, -31.120, 0.516, -0.561, 0.561, 0.324)      0      0    25.45370     0   3.440   -1.000 lightdock_166.pdb      0   16.989
   50    120       (-1.475, -37.979, -5.277, 0.076, 0.908, -0.411, 0.006)      0      0    24.82844     1   1.320   -1.000 lightdock_120.pdb      0   16.909
   26    117    (26.184, -20.693, -12.232, 0.739, -0.059, -0.567, -0.360)      0      0    25.35811     0   5.000   -1.000 lightdock_117.pdb      0   16.905
   11     89    (24.479, -26.229, -13.361, 0.964, -0.112, -0.220, -0.101)      0      0    24.87929     1   5.000   -1.000 lightdock_89.pdb      0   16.864
   81    143       (5.923, -40.973, -9.575, 0.667, -0.692, 0.025, -0.276)      0      0    24.80065     2   1.440   -1.000 lightdock_143.pdb      0   16.814
   46     62      (14.388, -35.376, 2.098, 0.640, -0.610, -0.362, -0.295)      0      0    25.19497     0   5.000   -1.000 lightdock_62.pdb      0   16.797
   46    128     (20.396, -25.953, -6.357, 0.814, -0.343, -0.468, -0.032)      0      0    25.18278     0   5.000   -1.000 lightdock_128.pdb      0   16.789
   66     28      (15.488, -29.717, 6.512, 0.596, -0.542, -0.561, -0.189)      0      0    25.03607     1   2.320   -1.000 lightdock_28.pdb      0   16.749
   90    158    (-17.479, -26.333, -16.651, 0.478, -0.060, 0.784, -0.391)      0      0    24.99266     1   5.000   -1.000 lightdock_158.pdb      0   16.746
   66     94       (12.860, -28.015, 17.340, 0.093, 0.962, 0.030, -0.256)      0      0    25.09235     0   5.000   -1.000 lightdock_94.pdb      0   16.728
    8     15       (23.296, -15.614, -25.799, 0.949, 0.024, 0.312, 0.031)      0      0    24.89175     4   3.600   -1.000 lightdock_15.pdb      0   16.711
  102    174      (-21.022, -22.098, -13.898, 0.601, 0.155, 0.783, 0.042)      0      0    25.06180     0   5.000   -1.000 lightdock_174.pdb      0   16.709
    8     58      (17.133, -2.447, -31.882, 0.895, 0.354, -0.270, -0.018)      0      0    24.05759     3   4.200   -1.000 lightdock_58.pdb      0   16.685
    4    166      (5.398, -34.428, -22.117, 0.786, -0.604, -0.096, 0.095)      0      0    23.90346     7   0.400   -1.000 lightdock_166.pdb      0   16.671
    3    163       (30.015, -4.295, -17.480, 0.854, 0.308, -0.314, 0.278)      0      0    24.55156     1   0.480   -1.000 lightdock_163.pdb      0   16.665
  105     31     (-13.518, -29.760, -18.079, 0.766, -0.454, 0.347, 0.294)      0      0    24.51183     3   0.720   -1.000 lightdock_31.pdb      0   16.646
  115     60       (-28.055, -9.687, -24.826, 0.834, 0.023, 0.544, 0.086)      0      0    24.81066     1   5.000   -1.000 lightdock_60.pdb      0   16.633
   15     46      (11.872, -23.605, -29.716, 0.898, 0.052, 0.434, -0.041)      0      0    22.38192    10   3.880   -1.000 lightdock_46.pdb      0   16.550
   96    191        (0.645, -22.713, -30.738, 0.928, 0.332, 0.168, 0.021)      0      0    23.89234     1   5.000   -1.000 lightdock_191.pdb      0   16.524
   57    114     (-13.936, -39.513, -3.893, 0.452, -0.590, 0.210, -0.635)      0      0    24.29990     2   5.000   -1.000 lightdock_114.pdb      0   16.521
   98     12     (10.214, -39.482, -0.711, 0.611, -0.660, -0.191, -0.394)      0      0    24.17599     2   3.520   -1.000 lightdock_12.pdb      0   16.508
   66     22     (13.996, -23.764, 13.975, 0.244, -0.299, -0.922, -0.030)      0      0    24.68963     0   5.000   -1.000 lightdock_22.pdb      0   16.463
   80    114     (15.198, -14.622, -38.416, 0.979, -0.176, 0.100, -0.014)      0      0    24.50342    13   0.000   -1.000 lightdock_114.pdb      0   16.411
   30    145        (3.312, -21.421, -30.864, 0.887, 0.252, 0.364, 0.132)      0      0    23.96427     0   5.000   -1.000 lightdock_145.pdb      0   16.406
   47    175      (0.756, -37.400, -10.065, 0.380, -0.459, 0.350, -0.722)      0      0    24.58469     0   5.000   -1.000 lightdock_175.pdb      0   16.390
   41    119     (19.553, -24.513, 10.373, 0.629, -0.037, -0.705, -0.326)      0      0    24.52439     0   5.000   -1.000 lightdock_119.pdb      0   16.350
   83    104       (5.944, -25.038, -32.367, 0.750, 0.001, 0.611, -0.253)      0      0    23.26548     4   0.520   -1.000 lightdock_104.pdb      0   16.330
  113    168        (5.972, -28.794, 15.005, 0.213, -0.038, 0.874, 0.435)      0      0    24.30608     2   5.000   -1.000 lightdock_168.pdb      0   16.278
   70     92     (-17.974, -32.012, -15.538, 0.349, -0.429, 0.377, 0.743)      0      0    23.62336     0   0.720   -1.000 lightdock_92.pdb      0   16.246
   29    130       (19.108, -10.957, -25.795, 0.893, 0.187, 0.300, 0.279)      0      0    22.93280     9   0.000   -1.000 lightdock_130.pdb      0   16.156
   17    198     (-12.402, -39.166, -6.274, 0.214, -0.581, 0.546, -0.565)      0      0    24.21210     0   5.000   -1.000 lightdock_198.pdb      0   16.141
   72    170     (-12.128, -22.524, -22.890, 0.753, 0.231, 0.609, -0.094)      0      0    24.18532     0   5.000   -1.000 lightdock_170.pdb      0   16.128
  102     17      (-8.726, -26.321, -29.756, 0.683, 0.085, 0.701, -0.187)      0      0    24.17150     0   5.000   -1.000 lightdock_17.pdb      0   16.114
  102    135     (-20.780, -25.506, -25.304, 0.410, -0.460, 0.604, 0.506)      0      0    23.99753     0   5.000   -1.000 lightdock_135.pdb      0   15.998
   14    191      (-5.365, -32.927, -21.692, 0.788, -0.511, 0.283, 0.194)      0      0    23.37390     1   5.000   -1.000 lightdock_191.pdb      0   15.903
   63    195      (-15.863, -20.046, -24.880, 0.859, 0.145, 0.491, 0.031)      0      0    22.86958     4   0.480   -1.000 lightdock_195.pdb      0   15.900
   56     98      (-29.331, -15.247, -18.243, 0.425, 0.012, 0.587, 0.689)      0      0    23.79043     0   5.000   -1.000 lightdock_98.pdb      0   15.860
  113    197      (14.096, -23.155, 15.185, 0.245, -0.339, -0.898, 0.135)      0      0    23.62503     3   2.560   -1.000 lightdock_197.pdb      0   15.833
   73     26       (25.514, -16.452, 5.094, 0.719, 0.088, -0.644, -0.246)      0      0    23.70532     0   0.400   -1.000 lightdock_26.pdb      0   15.755
   19     72      (4.321, -24.016, -38.248, 0.917, -0.376, 0.118, -0.055)      0      0    22.45666     8   0.280   -1.000 lightdock_72.pdb      0   15.672
  113      7     (13.966, -32.526, 13.472, 0.615, -0.169, -0.647, -0.419)      0      0    23.47275     0   5.000   -1.000  lightdock_7.pdb      0   15.648
  105     14      (-9.329, -27.820, -24.228, 0.674, 0.015, 0.688, -0.267)      0      0    22.26345     5   2.600   -1.000 lightdock_14.pdb      0   15.579
   67    176     (25.100, -23.481, -5.989, 0.679, -0.259, -0.587, -0.356)      0      0    23.36384     0   5.000   -1.000 lightdock_176.pdb      0   15.576
   10    165      (1.078, -35.787, -14.081, 0.271, -0.568, 0.419, -0.655)      0      0    21.97278     6   0.560   -1.000 lightdock_165.pdb      0   15.404
   92    193       (20.872, -11.752, 0.268, 0.896, 0.285, -0.209, -0.268)      0      0    22.42575     1   5.000   -1.000 lightdock_193.pdb      0   15.347
   89     71     (12.885, -37.949, -6.958, 0.651, -0.267, -0.071, -0.707)      0      0    22.15223     3   0.640   -1.000 lightdock_71.pdb      0   15.337
   82    184      (-11.123, -42.465, 5.891, 0.044, 0.901, -0.423, -0.083)      0      0    22.84348     0   5.000   -1.000 lightdock_184.pdb      0   15.229
  114     47      (6.162, -35.897, -13.157, 0.644, -0.272, 0.230, -0.677)      0      0    22.82590     0   5.000   -1.000 lightdock_47.pdb      0   15.217
   49    149     (30.392, -16.867, -8.429, 0.780, -0.060, -0.561, -0.272)      0      0    22.12567     2   0.480   -1.000 lightdock_149.pdb      0   15.209
  111     72      (-3.474, -33.135, -23.840, 0.801, -0.494, 0.253, 0.224)      0      0    22.80559     0   5.000   -1.000 lightdock_72.pdb      0   15.204
  108     50       (9.371, -37.798, -9.185, 0.571, -0.317, 0.094, -0.751)      0      0    22.68657     0   5.000   -1.000 lightdock_50.pdb      0   15.124
   16    131      (-3.686, -33.220, -30.903, 0.526, -0.740, 0.378, 0.180)      0      0    20.88102     4   0.280   -1.000 lightdock_131.pdb      0   15.064
   13      6    (15.398, -34.683, -17.043, 0.895, -0.375, -0.070, -0.232)      0      0    22.20739     2   2.760   -1.000  lightdock_6.pdb      0   15.019
   74     97      (31.085, -12.621, -7.799, 0.729, 0.005, -0.643, -0.235)      0      0    22.52055     0   5.000   -1.000 lightdock_97.pdb      0   15.014
   39    153      (-14.301, -31.843, 1.676, 0.174, 0.296, -0.934, -0.103)      0      0    22.48643     0   5.000   -1.000 lightdock_153.pdb      0   14.991
   87    108      (5.577, -31.845, -27.903, 0.713, -0.215, 0.527, -0.410)      0      0    21.16568     0   0.400   -1.000 lightdock_108.pdb      0   14.905
  110     80       (25.987, -15.238, 5.964, 0.834, 0.158, -0.483, -0.216)      0      0    22.29337     0   5.000   -1.000 lightdock_80.pdb      0   14.862
   89    132      (-3.701, -35.695, -6.044, 0.189, 0.860, -0.419, -0.223)      0      0    22.17668     0   5.000   -1.000 lightdock_132.pdb      0   14.784
  114    151    (-7.266, -41.188, -11.716, 0.384, -0.368, -0.058, -0.845)      0      0    19.69586     4   0.280   -1.000 lightdock_151.pdb      0   14.763
   77     78         (34.173, 8.679, -1.936, 0.887, 0.109, -0.196, 0.404)      0      0    21.99993     0   5.000   -1.000 lightdock_78.pdb      0   14.667
   67     38     (19.058, -25.417, -13.890, 0.478, -0.423, 0.108, -0.762)      0      0    21.91989     0   5.000   -1.000 lightdock_38.pdb      0   14.613
   35    195      (-13.043, -39.745, -9.330, 0.629, -0.565, 0.458, 0.275)      0      0    21.91472     0   5.000   -1.000 lightdock_195.pdb      0   14.610
   64    183       (30.833, -4.790, -14.228, 0.818, 0.218, -0.459, 0.270)      0      0    21.64467     2   5.000   -1.000 lightdock_183.pdb      0   14.563
   28    177       (26.139, -18.960, 8.449, 0.781, 0.119, -0.526, -0.316)      0      0    20.95457     2   1.560   -1.000 lightdock_177.pdb      0   14.525
   90    106     (-17.871, -23.696, -24.182, 0.900, -0.155, 0.345, 0.215)      0      0    21.78193     0   5.000   -1.000 lightdock_106.pdb      0   14.521
   23    185     (26.139, -15.042, -18.339, 0.804, -0.355, 0.111, -0.465)      0      0    21.19783     1   5.000   -1.000 lightdock_185.pdb      0   14.434
   24    109     (-12.311, -34.456, -2.947, 0.348, 0.749, -0.532, -0.186)      0      0    21.37312     1   1.480   -1.000 lightdock_109.pdb      0   14.422
   54     71      (10.464, -40.796, 2.541, 0.716, -0.304, -0.337, -0.530)      0      0    20.58998     2   0.880   -1.000 lightdock_71.pdb      0   14.394
    9     62      (18.277, -17.641, 15.856, 0.276, -0.176, -0.933, 0.150)      0      0    21.56375     0   4.200   -1.000 lightdock_62.pdb      0   14.382
   83     65      (-8.068, -15.376, -40.779, 0.840, -0.416, 0.249, 0.244)      0      0    21.21571     1   1.640   -1.000 lightdock_65.pdb      0   14.348
   99     73      (-7.677, -40.008, -0.055, 0.155, 0.666, -0.714, -0.151)      0      0    21.48262     0   5.000   -1.000 lightdock_73.pdb      0   14.322
   20     97       (0.351, -39.199, -4.148, 0.224, 0.848, -0.400, -0.267)      0      0    21.10867     0   0.440   -1.000 lightdock_97.pdb      0   14.299
   97    192    (18.652, -12.061, -36.628, 0.966, -0.219, -0.066, -0.119)      0      0    21.42707     0   5.000   -1.000 lightdock_192.pdb      0   14.285
   52    116        (-1.883, -1.311, -37.614, 0.702, 0.279, 0.540, 0.372)      0      0    21.08263     1   5.000   -1.000 lightdock_116.pdb      0   14.234
   63     31     (-16.476, -14.910, -37.339, 0.635, -0.562, 0.307, 0.432)      0      0    21.28300     0   5.000   -1.000 lightdock_31.pdb      0   14.189
   78    199     (-17.271, -16.287, -33.898, 0.958, -0.096, 0.232, 0.138)      0      0    21.28033     0   5.000   -1.000 lightdock_199.pdb      0   14.187
  112    174     (12.237, -30.134, -29.108, 0.978, -0.013, 0.181, -0.107)      0      0    21.27392     0   5.000   -1.000 lightdock_174.pdb      0   14.183
   43     89     (26.852, -21.674, -8.176, 0.702, -0.186, -0.609, -0.320)      0      0    21.22069     1   4.920   -1.000 lightdock_89.pdb      0   14.172
   95    196       (12.812, -15.324, -29.891, 0.871, 0.301, 0.293, 0.255)      0      0    19.84409     0   0.400   -1.000 lightdock_196.pdb      0   14.135
   20     14      (-8.772, -44.047, -5.853, 0.492, -0.444, 0.128, -0.738)      0      0    20.88380     6   0.400   -1.000 lightdock_14.pdb      0   14.132
   16    180      (4.819, -36.644, -22.127, 0.870, -0.255, 0.276, -0.319)      0      0    20.19942     5   0.880   -1.000 lightdock_180.pdb      0   14.064
   26    125     (19.800, -24.675, -14.299, 0.577, -0.438, 0.125, -0.678)      0      0    20.63841     1   5.000   -1.000 lightdock_125.pdb      0   14.030
    6     30      (10.499, -39.255, 2.908, 0.556, -0.658, -0.290, -0.417)      0      0    20.29027     5   0.320   -1.000 lightdock_30.pdb      0   13.948
   15     42     (7.656, -13.551, -38.469, 0.944, -0.147, -0.279, -0.097)      0      0    20.36534     3   0.600   -1.000 lightdock_42.pdb      0   13.858
   15    129      (5.542, -26.926, -36.129, 0.891, -0.441, 0.053, -0.099)      0      0    20.11710     0   0.400   -1.000 lightdock_129.pdb      0   13.817
   18    178       (-3.918, -22.946, -29.658, 0.891, 0.283, 0.353, 0.037)      0      0    20.08533     3   0.720   -1.000 lightdock_178.pdb      0   13.788
   90    116     (-8.126, -34.847, -21.229, 0.670, -0.669, 0.318, -0.048)      0      0    20.38535     1   5.000   -1.000 lightdock_116.pdb      0   13.686
  103     54      (9.016, -36.072, 14.450, 0.441, -0.133, -0.782, -0.420)      0      0    20.52419     0   5.000   -1.000 lightdock_54.pdb      0   13.683
   94     58     (-20.956, -28.948, -21.001, 0.770, -0.319, 0.542, 0.106)      0      0    20.45833     0   5.000   -1.000 lightdock_58.pdb      0   13.639
   91    124     (7.402, -23.212, -39.200, 0.965, -0.248, -0.013, -0.079)      0      0    19.52673     1   0.680   -1.000 lightdock_124.pdb      0   13.588
   37    175     (-17.505, -24.796, -23.545, 0.850, -0.175, 0.377, 0.324)      0      0    20.35508     0   5.000   -1.000 lightdock_175.pdb      0   13.570
   60    127      (5.300, -29.871, -35.811, 0.868, -0.477, 0.112, -0.086)      0      0    20.32798     0   5.000   -1.000 lightdock_127.pdb      0   13.552
    0     16      (0.988, -32.091, -27.379, 0.845, -0.503, -0.179, 0.046)      0      0    19.91844     9   4.120   -1.000 lightdock_16.pdb      0   13.491
  118    165      (-7.062, -41.657, -7.879, 0.618, -0.672, 0.263, -0.314)      0      0    19.63892     1   5.000   -1.000 lightdock_165.pdb      0   13.412
   99     45      (-3.671, -43.776, -3.074, 0.629, -0.699, 0.305, -0.154)      0      0    20.11299     0   5.000   -1.000 lightdock_45.pdb      0   13.409
   85    175       (24.304, -17.314, -23.846, 0.986, 0.006, 0.149, 0.078)      0      0    18.67116     4   0.840   -1.000 lightdock_175.pdb      0   13.388
   35    141     (-11.394, -32.364, -4.192, 0.217, 0.505, -0.821, -0.155)      0      0    19.77520     0   3.720   -1.000 lightdock_141.pdb      0   13.385
   27    179     (10.753, -14.243, -38.911, 0.767, -0.568, 0.253, -0.158)      0      0    20.07712     0   5.000   -1.000 lightdock_179.pdb      0   13.385
  106    188    (20.799, -28.984, -22.455, 0.990, -0.076, -0.106, -0.053)      0      0    19.50916     2   5.000   -1.000 lightdock_188.pdb      0   13.153
   76    112     (-10.308, -22.801, -34.673, 0.970, -0.183, 0.119, 0.106)      0      0    19.02287     2   1.200   -1.000 lightdock_112.pdb      0   13.113
   45     51     (-12.344, -23.406, -33.737, 0.948, -0.240, 0.168, 0.126)      0      0    19.29859     0   0.400   -1.000 lightdock_51.pdb      0   13.103
   29      8     (12.501, -17.358, -40.498, 0.916, -0.350, 0.189, -0.062)      0      0    19.61277     1   5.000   -1.000  lightdock_8.pdb      0   13.101
   24     65      (1.620, -43.938, -5.513, 0.587, -0.343, -0.002, -0.733)      0      0    19.59712     0   5.000   -1.000 lightdock_65.pdb      0   13.065
  107    114     (-12.467, -22.965, -33.985, 0.955, -0.202, 0.166, 0.136)      0      0    19.44577     0   5.000   -1.000 lightdock_114.pdb      0   13.018
  107    106     (-23.968, -17.510, -32.412, 0.622, -0.337, 0.520, 0.479)      0      0    19.30958     0   5.000   -1.000 lightdock_106.pdb      0   12.873
   99     11       (7.526, -43.235, 0.583, 0.669, -0.348, -0.255, -0.606)      0      0    18.99541     2   1.200   -1.000 lightdock_11.pdb      0   12.806
   96    169         (2.868, -2.131, -39.641, 0.785, 0.253, 0.471, 0.312)      0      0    18.82923     1   2.880   -1.000 lightdock_169.pdb      0   12.797
   30     68       (3.492, -8.585, -41.809, 0.992, -0.124, -0.008, 0.030)      0      0    19.06255     1   5.000   -1.000 lightdock_68.pdb      0   12.773
   33     26      (22.135, -7.183, -34.122, 0.975, 0.048, -0.208, -0.066)      0      0    19.03092     1   3.880   -1.000 lightdock_26.pdb      0   12.766
   82     62      (1.871, -41.284, 13.608, 0.270, -0.858, -0.210, -0.383)      0      0    18.56677     1   0.720   -1.000 lightdock_62.pdb      0   12.761
  105    186     (-12.659, -21.580, -34.500, 0.967, -0.141, 0.171, 0.126)      0      0    19.11996     0   5.000   -1.000 lightdock_186.pdb      0   12.747
   29     61       (7.342, -19.762, -32.954, 0.729, 0.077, 0.672, -0.103)      0      0    18.60849     0   0.480   -1.000 lightdock_61.pdb      0   12.724
  118     72       (-5.565, -39.659, 0.421, 0.318, 0.830, -0.405, -0.217)      0      0    19.02928     0   3.680   -1.000 lightdock_72.pdb      0   12.702
   89    139     (5.927, -34.176, -16.058, 0.505, -0.741, -0.442, -0.027)      0      0    18.86600     2   5.000   -1.000 lightdock_139.pdb      0   12.689
   90     80     (-6.855, -31.343, -31.023, 0.684, -0.082, 0.619, -0.377)      0      0    17.62956    10   0.440   -1.000 lightdock_80.pdb      0   12.622
   87     33      (-6.042, -31.565, -27.489, 0.855, -0.419, 0.215, 0.217)      0      0    18.57511     3   1.320   -1.000 lightdock_33.pdb      0   12.536
   80    117       (-0.598, -23.587, -32.121, 0.963, 0.216, 0.147, 0.064)      0      0    18.40154     1   2.680   -1.000 lightdock_117.pdb      0   12.527
    0     41      (7.180, -23.291, -39.710, 0.747, -0.591, 0.251, -0.172)      0      0    18.78542     0   5.000   -1.000 lightdock_41.pdb      0   12.524
   33    143     (31.833, -14.019, -21.299, 0.965, -0.138, 0.046, -0.218)      0      0    17.61069     6   0.360   -1.000 lightdock_143.pdb      0   12.403
   67    126    (25.762, -25.479, -15.259, 0.976, -0.062, -0.037, -0.206)      0      0    18.60216     0   5.000   -1.000 lightdock_126.pdb      0   12.401
   62     67     (14.035, -31.097, -20.581, 0.991, -0.037, 0.073, -0.109)      0      0    18.53401     0   5.000   -1.000 lightdock_67.pdb      0   12.356
   83      3      (5.692, -22.070, -39.098, 0.675, -0.663, 0.289, -0.147)      0      0    18.25028     0   2.960   -1.000  lightdock_3.pdb      0   12.298
   58    108      (-5.050, -29.594, -31.225, 0.925, -0.339, 0.105, 0.137)      0      0    18.37515     1   5.000   -1.000 lightdock_108.pdb      0   12.291
   27     72    (20.600, -15.926, -35.786, 0.971, -0.189, -0.103, -0.102)      0      0    18.35662     0   5.000   -1.000 lightdock_72.pdb      0   12.238
  102      8     (-20.871, -14.271, -31.303, 0.946, -0.018, 0.290, 0.147)      0      0    17.92816     1   5.000   -1.000  lightdock_8.pdb      0   12.110
   57     22        (-9.953, -44.607, 2.122, 0.072, -0.190, 0.444, 0.873)      0      0    18.15197     0   5.000   -1.000 lightdock_22.pdb      0   12.101
   83      4     (3.657, -11.386, -41.289, 0.991, -0.081, -0.104, -0.038)      0      0    18.08184     0   5.000   -1.000  lightdock_4.pdb      0   12.055
   38     78       (17.793, -21.974, 6.145, 0.452, -0.204, -0.868, 0.035)      0      0    19.79646    15   0.000   -1.000 lightdock_78.pdb      0   12.018
   64     58          (33.740, 2.446, 6.298, 0.584, 0.308, -0.724, 0.203)      0      0    17.84917     1   4.640   -1.000 lightdock_58.pdb      0   11.975
   60     13    (11.292, -35.188, -18.947, 0.726, -0.575, -0.367, -0.086)      0      0    17.95766     0   5.000   -1.000 lightdock_13.pdb      0   11.972
   59     12     (9.747, -23.177, -38.785, 0.959, -0.235, -0.122, -0.097)      0      0    17.94680     0   5.000   -1.000 lightdock_12.pdb      0   11.965
    5     72     (-13.137, -19.346, -40.630, 0.683, -0.521, 0.355, 0.370)      0      0    17.05856     3   3.000   -1.000 lightdock_72.pdb      0   11.883
    9      9       (18.415, -25.648, 7.347, 0.439, 0.167, -0.820, -0.326)      0      0    17.29424     1   5.000   -1.000  lightdock_9.pdb      0   11.692
   52    181       (3.030, -5.867, -40.393, 0.996, 0.050, -0.059, -0.043)      0      0    16.56358     0   0.400   -1.000 lightdock_181.pdb      0   11.642
   52      6      (-5.272, -20.198, -30.908, 0.987, 0.162, 0.020, -0.000)      0      0    16.67788     2   5.000   -1.000  lightdock_6.pdb      0   11.579
   98    131     (-0.959, -36.304, -9.423, 0.398, -0.841, -0.175, -0.322)      0      0    16.03451     6   2.920   -1.000 lightdock_131.pdb      0   11.504
    5    173     (-1.073, -26.650, -41.680, 0.872, -0.254, 0.419, -0.024)      0      0    17.24337     0   5.000   -1.000 lightdock_173.pdb      0   11.497
   84     67      (2.887, -38.270, -7.686, 0.435, -0.646, -0.490, -0.391)      0      0    17.33021     2   4.280   -1.000 lightdock_67.pdb      0   11.483
   57     80       (-7.984, -40.471, 12.104, 0.218, 0.882, -0.288, 0.303)      0      0    17.10771     0   4.440   -1.000 lightdock_80.pdb      0   11.438
   96    154       (16.683, -10.026, -26.051, 0.816, 0.260, 0.506, 0.103)      0      0    16.88542     0   5.000   -1.000 lightdock_154.pdb      0   11.328
   65    160      (-8.106, -27.612, -20.144, 0.936, -0.147, 0.320, 0.019)      0      0    16.05847     2   5.000   -1.000 lightdock_160.pdb      0   11.242
   48    138     (18.128, -16.887, -32.179, 0.848, -0.001, 0.523, -0.079)      0      0    16.75828     0   5.000   -1.000 lightdock_138.pdb      0   11.172
  112    150     (15.845, -32.607, -20.083, 0.738, -0.302, 0.316, -0.514)      0      0    16.50163     0   2.520   -1.000 lightdock_150.pdb      0   11.168
   43    144     (18.006, -25.437, -2.339, 0.467, -0.084, -0.879, -0.048)      0      0    18.57890     3   5.000   -1.000 lightdock_144.pdb      0   11.138
   82     11    (-10.253, -33.134, -8.097, 0.109, -0.949, -0.043, -0.294)      0      0    15.91080     1   2.280   -1.000 lightdock_11.pdb      0   11.063
   51     28        (9.595, -18.931, -33.183, 0.811, 0.144, 0.567, 0.012)      0      0    16.05082     0   3.800   -1.000 lightdock_28.pdb      0   11.037
   80    168       (14.558, -10.846, -33.357, 0.760, 0.077, 0.625, 0.163)      0      0    16.28302     0   5.000   -1.000 lightdock_168.pdb      0   10.856
    4    173     (-2.707, -38.270, -27.114, 0.717, -0.312, 0.499, -0.373)      0      0    16.24510     0   5.000   -1.000 lightdock_173.pdb      0   10.830
   26     37       (23.259, -11.400, -22.576, 0.940, 0.033, 0.335, 0.051)      0      0    15.96937     1   5.000   -1.000 lightdock_37.pdb      0   10.797
   72    118      (-10.558, -15.178, -33.052, 0.558, 0.222, 0.783, 0.166)      0      0    15.96732     0   5.000   -1.000 lightdock_118.pdb      0   10.645
   20    155      (-3.768, -47.398, 8.164, 0.510, -0.496, -0.231, -0.664)      0      0    15.22014     3   0.560   -1.000 lightdock_155.pdb      0   10.462
   55    143      (-12.186, -37.910, 10.107, 0.422, 0.600, -0.653, 0.186)      0      0    15.32045     0   1.600   -1.000 lightdock_143.pdb      0   10.270
   38      0       (10.133, -35.229, 13.004, -0.024, 0.849, 0.323, 0.418)      0      0    15.00562     2   0.880   -1.000  lightdock_0.pdb      0   10.222
   76    155     (-6.902, -27.776, -28.942, 0.575, -0.029, 0.813, -0.085)      0      0    15.14024     1   5.000   -1.000 lightdock_155.pdb      0   10.220
   23     92    (27.641, -19.506, -24.703, 0.819, -0.036, -0.522, -0.235)      0      0    14.84458     0   2.000   -1.000 lightdock_92.pdb      0    9.929
  111     66      (7.278, -39.734, -26.717, 0.736, -0.577, 0.296, -0.194)      0      0    14.63675     1   5.000   -1.000 lightdock_66.pdb      0    9.900
  103    163      (7.352, -37.793, -0.385, 0.302, -0.360, -0.812, -0.346)      0      0    14.80945     0   4.200   -1.000 lightdock_163.pdb      0    9.900
   20    120       (-1.551, -39.525, 13.337, 0.344, -0.130, 0.767, 0.525)      0      0    14.31875     2   0.720   -1.000 lightdock_120.pdb      0    9.632
   48    107    (24.399, -20.502, -33.651, 0.949, -0.276, -0.098, -0.119)      0      0    14.28583     0   5.000   -1.000 lightdock_107.pdb      0    9.524
   58     94    (-10.647, -35.451, -27.293, 0.688, -0.411, 0.595, -0.072)      0      0    12.08725     4   2.040   -1.000 lightdock_94.pdb      0    9.516
   15     28      (-2.391, -24.958, -35.455, 0.817, 0.109, 0.557, -0.101)      0      0    13.27154     3   0.600   -1.000 lightdock_28.pdb      0    9.507
   30    189       (-7.051, -10.755, -41.787, 0.752, 0.287, 0.583, 0.112)      0      0    13.91033     1   0.800   -1.000 lightdock_189.pdb      0    9.500
   87    102      (7.841, -26.964, -38.840, 0.942, -0.303, -0.146, 0.009)      0      0    13.92138     1   5.000   -1.000 lightdock_102.pdb      0    9.296
   74    161       (35.334, -1.053, -10.036, 0.794, 0.302, -0.473, 0.232)      0      0    13.73347     0   5.000   -1.000 lightdock_161.pdb      0    9.156
   72     12     (-16.929, -16.718, -35.141, 0.907, 0.179, 0.378, -0.051)      0      0    13.26510     2   1.120   -1.000 lightdock_12.pdb      0    8.944
    6    193         (9.275, -30.794, 1.608, 0.251, 0.876, -0.395, 0.116)      0      0    13.06566     3   5.000   -1.000 lightdock_193.pdb      0    8.932
   63     62      (-11.542, -13.920, -39.994, 0.662, 0.208, 0.705, 0.150)      0      0    11.84989     0   5.000   -1.000 lightdock_62.pdb      0    8.901
   67     49    (28.896, -19.571, -21.380, 0.754, -0.018, -0.592, -0.285)      0      0    13.34954     0   5.000   -1.000 lightdock_49.pdb      0    8.900
   91      3       (-5.015, -19.432, -44.673, 0.826, 0.014, 0.564, 0.020)      0      0    13.34228     0   5.000   -1.000  lightdock_3.pdb      0    8.895
   18    126     (-12.513, -13.057, -39.490, 0.927, 0.262, 0.269, -0.012)      0      0    11.99746     2   1.360   -1.000 lightdock_126.pdb      0    8.056
   25     76       (25.001, -17.541, 7.257, 0.202, 0.595, -0.623, -0.467)      0      0    12.06813     0   5.000   -1.000 lightdock_76.pdb      0    8.046
  107    178      (-9.737, -17.492, -41.039, 0.555, -0.099, 0.826, 0.010)      0      0    11.20674     2   1.760   -1.000 lightdock_178.pdb      0    7.651
   38    111      (4.373, -43.631, 11.030, 0.274, -0.063, -0.543, -0.791)      0      0    10.82766     1   5.000   -1.000 lightdock_111.pdb      0    7.599
   95     92       (-0.090, -12.136, -36.929, 0.675, 0.081, 0.733, 0.011)      0      0    11.39240     0   5.000   -1.000 lightdock_92.pdb      0    7.595
   18    156      (-4.318, -10.019, -41.858, 0.670, 0.124, 0.732, -0.024)      0      0    11.31358     0   3.840   -1.000 lightdock_156.pdb      0    7.552
  116    165     (26.343, -24.929, -32.889, 0.847, -0.322, 0.282, -0.315)      0      0     9.55457     1   5.000   -1.000 lightdock_165.pdb      0    6.387
   41     93      (10.548, -23.079, 18.330, 0.714, 0.610, -0.325, -0.112)      0      0     7.52832     0   2.240   -1.000 lightdock_93.pdb      0    6.002
   47    118     (-6.767, -33.787, -1.991, 0.046, -0.269, -0.720, -0.638)      0      0     8.98601     0   5.000   -1.000 lightdock_118.pdb      0    5.991
   78      1      (-13.911, -10.558, -37.294, 0.619, 0.227, 0.731, 0.179)      0      0     8.11031     0   5.000   -1.000  lightdock_1.pdb      0    5.407
  107    196      (-17.802, -6.695, -32.352, 0.507, 0.162, 0.847, -0.007)      0      0     3.43086     0   5.000   -1.000 lightdock_196.pdb      0    2.288
   24    185        (-4.044, -41.172, 10.134, 0.116, 0.249, 0.302, 0.913)      0      0     2.31259     0   5.000   -1.000 lightdock_185.pdb      0    2.044
   80     25        (1.398, -9.196, -36.175, 0.785, -0.353, 0.499, 0.099)      0      0    -1.18084     0   5.000   -1.000 lightdock_25.pdb      0   -0.787
   71     74          (6.254, 0.765, -28.523, 0.910, 0.368, 0.008, 0.189)      0      0    -1.39614     0   5.000   -1.000 lightdock_74.pdb      0   -0.931
   75    100        (-21.147, -26.323, 0.990, 0.110, 0.038, 0.987, 0.110)      0      0    -9.57099     2   5.000   -1.000 lightdock_100.pdb      0   -1.672
   96     98       (1.160, -12.596, -35.287, 0.740, -0.236, 0.604, 0.177)      0      0    -4.23554     2   0.480   -1.000 lightdock_98.pdb      0   -1.740
   63     96     (-3.198, -19.496, -35.121, 0.580, -0.276, 0.767, -0.010)      0      0    -5.80981     0   5.000   -1.000 lightdock_96.pdb      0   -3.873
   78    157      (-23.859, -13.613, -24.954, 0.399, 0.225, 0.882, 0.114)      0      0   -10.56572     1   5.000   -1.000 lightdock_157.pdb      0   -6.410
   93    115         (-2.255, -1.225, -1.383, 0.323, 0.451, 0.003, 0.832)      0      0   -11.15847     0   5.000   -1.000 lightdock_115.pdb      0   -7.439
   52    177       (5.259, -11.396, -34.910, 0.752, -0.357, 0.526, 0.176)      0      0   -15.05949     0   5.000   -1.000 lightdock_177.pdb      0  -10.040
    9     58        (1.410, -29.071, 16.636, 0.541, 0.647, -0.512, 0.165)      0      0   -19.43037     1   5.000   -1.000 lightdock_58.pdb      0  -12.967
   36     70         (-6.355, 3.205, -2.009, 0.515, 0.275, -0.014, 0.812)      0      0   -27.87675     0   0.400   -1.000 lightdock_70.pdb      0  -16.214
  103    193       (9.477, -28.027, 4.461, -0.174, 0.864, -0.472, -0.024)      0      0   -28.77431     0   5.000   -1.000 lightdock_193.pdb      0  -19.174
   88     24         (-7.195, 6.328, -2.028, 0.546, 0.293, -0.059, 0.782)      0      0   -29.91403     1   4.960   -1.000 lightdock_24.pdb      0  -19.510
   55    106      (-7.711, -33.031, -0.001, 0.101, 0.179, -0.855, -0.477)      0      0   -30.63308     1   5.000   -1.000 lightdock_106.pdb      0  -20.000
    0     73       (-1.288, -19.911, -35.669, 0.927, 0.121, 0.353, 0.026)      0      0   -31.48522     0   5.000   -1.000 lightdock_73.pdb      0  -20.990
   32    167          (-7.709, 4.946, -4.153, 0.733, 0.190, 0.024, 0.653)      0      0   -36.53441     1   1.760   -1.000 lightdock_167.pdb      0  -23.567
    8     72      (19.241, -9.686, -17.350, 0.754, 0.367, -0.544, -0.040)      0      0   -45.06345     2   5.000   -1.000 lightdock_72.pdb      0  -26.579
   42    128          (-9.979, 5.174, 0.358, 0.600, 0.360, -0.049, 0.713)      0      0   -40.16743     0   5.000   -1.000 lightdock_128.pdb      0  -26.778
   31    100      (2.848, -23.740, -16.686, 0.829, -0.303, -0.467, 0.049)      0      0   -48.43453     0   5.000   -1.000 lightdock_100.pdb      0  -32.290
   38    130      (10.410, -28.358, -0.293, 0.534, -0.738, 0.084, -0.404)      0      0   -50.34935     0   5.000   -1.000 lightdock_130.pdb      0  -33.530
    1    105        (17.774, -6.841, -17.892, 0.866, 0.124, 0.257, 0.410)      0      0   -54.11631     0   5.000   -1.000 lightdock_105.pdb      0  -36.076
   32    164        (-5.302, -3.754, -3.095, 0.103, 0.278, -0.022, 0.955)      0      0   -77.47236     0   0.480   -1.000 lightdock_164.pdb      0  -48.251
   36    125          (8.966, 5.294, -3.236, 0.932, 0.345, -0.084, 0.072)      0      0   -83.89488     2   1.120   -1.000 lightdock_125.pdb      0  -54.092
   32     47       (-19.269, -7.831, -15.292, 0.471, 0.559, 0.606, 0.314)      0      0   -92.76982     2   5.000   -1.000 lightdock_47.pdb      0  -57.831
   42    185           (3.084, 1.669, 8.643, 0.527, 0.806, -0.227, 0.143)      0      0  -110.45498    14   0.000   -1.000 lightdock_185.pdb      0  -66.429
   95    110       (2.613, -10.817, -27.331, 0.967, 0.255, -0.010, 0.002)      0      0  -108.74415     0   5.000   -1.000 lightdock_110.pdb      0  -72.496
   42     74          (2.661, -2.598, 1.532, 0.759, 0.290, -0.285, 0.508)      0      0  -131.60491     9   0.440   -1.000 lightdock_74.pdb      0  -76.099
   55    177        (-9.534, -24.500, 2.536, 0.468, 0.632, -0.591, 0.181)      0      0  -123.97365     2   5.000   -1.000 lightdock_177.pdb      0  -81.710
   93     11          (-3.101, 4.773, -9.447, 0.839, 0.018, 0.052, 0.542)      0      0  -135.58750     1   5.000   -1.000 lightdock_11.pdb      0  -89.729
   17     92      (-1.212, -35.687, 2.752, 0.421, -0.177, -0.597, -0.660)      0      0  -155.97850     0   5.000   -1.000 lightdock_92.pdb      0 -103.986
   32    158         (-5.202, -7.823, -9.561, 0.533, 0.758, 0.340, 0.160)      0      0  -175.97687     0   1.480   -1.000 lightdock_158.pdb      0 -115.279
   36    109         (1.129, 4.516, -12.626, 0.874, -0.013, 0.060, 0.482)      0      0  -189.98006     0   5.000   -1.000 lightdock_109.pdb      0 -123.389
   88     51        (-0.580, -6.974, -1.247, 0.164, 0.205, -0.554, 0.790)      0      0  -196.05868     0   5.000   -1.000 lightdock_51.pdb      0 -130.706
   42     99         (-6.349, -5.682, 7.513, 0.355, 0.688, -0.115, 0.623)      0      0  -207.72241     4   1.240   -1.000 lightdock_99.pdb      0 -134.927
   93    158       (-13.587, -5.038, -14.532, 0.447, 0.251, 0.858, 0.031)      0      0  -234.39124     1   5.000   -1.000 lightdock_158.pdb      0 -152.003
   78     15      (-8.013, -12.889, -23.497, 0.442, -0.060, 0.885, 0.133)      0      0  -238.30365     1   5.000   -1.000 lightdock_15.pdb      0 -152.135
  118     42      (-9.035, -24.594, 0.318, 0.230, -0.275, -0.232, -0.904)      0      0  -244.27643     0   5.000   -1.000 lightdock_42.pdb      0 -162.851
   96     10        (5.803, -12.332, -22.199, 0.986, 0.007, 0.099, 0.133)      0      0  -252.95859     2   5.000   -1.000 lightdock_10.pdb      0 -164.339
   30     41       (-6.051, -13.189, -26.105, 0.671, 0.262, 0.625, 0.300)      0      0  -249.62750     0   5.000   -1.000 lightdock_41.pdb      0 -166.418
   36     19          (1.275, -1.227, -9.562, 0.538, 0.758, 0.174, 0.325)      0      0  -313.62213     1   5.000   -1.000 lightdock_19.pdb      0 -207.834
