191 102 0.100087784
266 74 0.100153334
221 54 0.1001639
221 99 0.10030179
192 144 0.10036563
178 55 0.1004027
124 40 0.10051017
157 145 0.10066171
153 56 0.10070166
257 73 0.10072829
74 125 0.10087123
76 131 0.10095616
183 99 0.10099748
173 57 0.10100206
177 105 0.10103479
167 122 0.101107895
97 46 0.10110879
186 105 0.10116589
199 40 0.10120562
238 145 0.101247
156 100 0.10126475
207 119 0.10127287
103 135 0.10130848
283 119 0.10133714
365 49 0.101353474
128 51 0.101392224
353 117 0.101407476
178 98 0.10144632
73 54 0.10154929
183 138 0.101569615
289 69 0.101619795
145 70 0.10162964
152 39 0.10177939
141 143 0.10177988
234 143 0.10181984
212 90 0.10183425
387 53 0.10183561
225 54 0.10185221
214 69 0.10185766
309 129 0.10186726
333 135 0.101895
374 62 0.10202768
241 53 0.102102034
361 105 0.102117576
300 69 0.10221351
177 67 0.10228254
147 121 0.10236277
163 71 0.10241429
362 125 0.102491036
306 75 0.102502
83 55 0.10252085
363 73 0.10257079
192 49 0.10259223
185 68 0.102621034
112 91 0.10264602
170 55 0.102653444
244 40 0.10270932
84 45 0.10271326
192 40 0.10271573
278 41 0.102778465
146 56 0.10280971
221 95 0.102864765
110 80 0.1028703
306 56 0.10289626
160 49 0.1029036
254 46 0.10291852
174 100 0.103098154
10 108 0.10314272
246 43 0.10314311
378 41 0.10315649
208 91 0.103168614
363 60 0.10339601
130 90 0.10345388
266 117 0.103456706
189 52 0.10347749
355 134 0.103481844
97 41 0.10360842
75 68 0.10366586
90 108 0.10368563
340 51 0.10375278
103 48 0.10375789
223 110 0.103774145
362 91 0.10378707
245 145 0.10394524
363 134 0.10395526
232 42 0.104019806
377 50 0.10402616
162 46 0.1040447
225 101 0.104045406
167 71 0.10407706
280 99 0.10420278
242 43 0.10420407
239 145 0.10422344
257 145 0.104280084
157 69 0.10430562
254 39 0.10437052
312 41 0.10437667
95 40 0.10439408
163 55 0.104432456
194 127 0.1044468
149 62 0.104467824
266 141 0.10451567
108 39 0.104766265
228 51 0.10479084
245 99 0.104802884
379 40 0.1048577
307 69 0.10493674
157 42 0.10499256
95 110 0.10501236
178 46 0.10504158
275 91 0.10507961
177 121 0.1051207
283 42 0.105124354
259 41 0.10524976
192 70 0.105266854
365 142 0.10526826
309 91 0.10551976
171 100 0.10552596
153 41 0.105530515
373 45 0.105596535
223 85 0.105640486
367 142 0.10566613
267 60 0.10567911
293 41 0.1056868
133 39 0.10577451
244 100 0.10579361
130 135 0.10603243
226 54 0.106060944
85 92 0.10606824
254 52 0.10607052
148 122 0.10609757
213 103 0.10622232
381 70 0.1062239
374 98 0.10628034
246 93 0.10628334
74 145 0.10630679
244 70 0.10633239
246 129 0.106340796
229 98 0.10634814
360 50 0.1064546
150 145 0.10646552
177 133 0.10647734
193 74 0.10650575
146 42 0.10665344
248 52 0.106671065
192 56 0.10672107
266 56 0.1067216
112 122 0.10672939
373 142 0.10673918
165 101 0.10677734
79 47 0.10688715
179 108 0.10691274
167 62 0.10695932
84 133 0.10700369
112 94 0.1070368
331 138 0.10706623
222 133 0.10708542
149 89 0.10711589
256 67 0.107132524
122 123 0.10717872
383 69 0.10721336
110 102 0.10729174
213 52 0.107342646
84 42 0.107357554
287 142 0.10735844
122 104 0.107516706
375 55 0.10756527
147 124 0.107823834
221 62 0.10785242
153 61 0.10789698
251 90 0.10801035
213 128 0.10801715
386 47 0.10806079
193 49 0.10808891
376 134 0.10813142
215 99 0.10817042
141 62 0.10828287
179 69 0.10835028
361 51 0.10841389
194 131 0.10841495
74 39 0.1084235
386 123 0.10848763
8 130 0.10851855
385 70 0.10864752
79 100 0.10873306
214 79 0.108856365
103 45 0.10886639
209 40 0.10900517
178 102 0.1090699
175 105 0.10909018
113 50 0.10911916
148 75 0.10913293
187 54 0.109133504
117 46 0.10925195
163 102 0.10928902
361 120 0.10930461
212 122 0.10940951
110 107 0.109422475
223 138 0.109432
223 44 0.10948406
223 132 0.109579384
278 42 0.10959581
195 49 0.109619245
121 123 0.10965144
117 135 0.10970073
313 75 0.10973084
228 104 0.10974708
208 62 0.109791696
386 73 0.10979442
169 129 0.109873496
158 53 0.110302135
372 52 0.11030549
223 133 0.11041347
363 104 0.110437706
281 75 0.11048678
167 108 0.11071682
223 107 0.11081855
124 43 0.11085817
348 142 0.110896945
333 138 0.11091824
213 74 0.11100309
340 107 0.11103219
80 145 0.111032575
378 131 0.11108068
228 44 0.1110966
278 138 0.11122385
243 45 0.11136767
145 90 0.11145806
359 50 0.11149916
112 130 0.11150853
156 128 0.11161441
229 94 0.1116483
166 69 0.11168514
214 98 0.11181387
227 142 0.11182572
335 143 0.11182596
227 131 0.11191797
377 60 0.11193788
313 60 0.11202241
191 41 0.112056166
377 98 0.11207111
186 70 0.11213669
232 39 0.11215099
116 105 0.1123762
103 119 0.11244331
111 45 0.112874195
103 46 0.11289532
101 109 0.112916656
260 90 0.11292799
121 134 0.112936154
241 40 0.112984054
379 131 0.11307138
132 41 0.11311035
229 53 0.113240205
165 70 0.113351494
122 57 0.113419846
247 69 0.11343322
224 42 0.11343749
190 99 0.11346175
148 58 0.11348754
253 138 0.11350209

275 74 0.11360766
191 51 0.11362931
163 104 0.11365438
177 51 0.11382759
138 52 0.113905914
73 46 0.11392124
155 41 0.11409078
18 41 0.11412644
221 47 0.11421847
281 42 0.11425717
171 49 0.114313334
139 49 0.11431776
169 49 0.11435564
153 131 0.11436747
230 102 0.11438738
191 50 0.11440359
187 126 0.11442975
10 144 0.11445823
285 142 0.11456362
101 42 0.11459052
144 62 0.114609726
164 48 0.11462772
112 104 0.11466472
144 99 0.114688605
153 62 0.1147128
154 70 0.114775024
234 90 0.11482625
154 45 0.11484373
118 49 0.114941195
91 91 0.1151065
309 96 0.11518672
19 94 0.11529576
139 90 0.11531074
386 92 0.11534701
175 143 0.11542547
125 145 0.11544675
76 61 0.115523025
379 49 0.1155445
157 131 0.11558974
116 41 0.115602836
72 62 0.115662426
310 71 0.11566823
149 95 0.11571411
213 135 0.11576427
264 130 0.115766734
287 128 0.115787715
362 90 0.115808696
263 56 0.11589761
285 124 0.11591711
188 50 0.11594804
226 71 0.11600813
235 69 0.11603985
309 95 0.11605738
365 94 0.11610384
243 144 0.116221234
386 66 0.1163754
191 45 0.11644606
178 54 0.11645502
368 57 0.11648655
147 117 0.116499245
387 56 0.11650913
359 99 0.116516836
146 126 0.11651869
247 75 0.11661743
247 42 0.11666611
170 70 0.11671257
231 60 0.11678086
169 128 0.11678362
247 41 0.116809264
232 71 0.11681794
340 60 0.116824746
10 50 0.11684513
386 98 0.11699812
145 62 0.11704357
245 43 0.11704472
253 142 0.11710351
116 128 0.11720242
315 70 0.11733483
157 54 0.11736646
269 117 0.1174369
8 108 0.11771034
166 129 0.11774769
339 134 0.11782491
103 41 0.117846385
223 123 0.11785026
156 96 0.11792401
226 99 0.11795589
379 70 0.11799033
269 138 0.118135214
234 68 0.11815996
271 103 0.11821615
101 142 0.11824234
112 131 0.11827329
171 124 0.11827672
77 58 0.11829759
377 129 0.11829932
309 61 0.1183024
10 74 0.118315905
232 108 0.11835866
167 57 0.11836515
161 104 0.11848565
308 71 0.11852164
137 42 0.11856408
247 125 0.11881131
361 131 0.11885568
340 56 0.11885819
83 103 0.11896435
386 63 0.11897814
174 71 0.11899004
208 99 0.119082
168 41 0.11909588
374 90 0.11915198
386 74 0.119235255
212 99 0.11925052
253 99 0.11927331
74 51 0.11927472
365 70 0.11931219
290 43 0.119317986
248 98 0.11963678
251 145 0.1196457
352 135 0.11966273
337 94 0.11967324
374 55 0.119735636
194 126 0.119765915
243 42 0.11979517
238 39 0.1198556
95 42 0.11986299
309 130 0.11998053
82 41 0.120106146
221 101 0.12030648
284 134 0.12038998
327 98 0.120401606
139 128 0.12040986
306 61 0.12044311
138 50 0.12052467
269 142 0.12058656
177 141 0.12065175
227 67 0.12074207
76 99 0.12077296
110 110 0.12081155
267 74 0.121112294
150 55 0.12112545
330 39 0.12115335
289 137 0.121212065
144 93 0.12127257
87 128 0.12129299
304 52 0.121545
101 131 0.12155357
244 73 0.121670455
287 70 0.12169278
107 41 0.12170714
289 74 0.12176833
69 71 0.12185853
213 62 0.121878795
214 93 0.12189595
187 69 0.12192372
144 105 0.121977635
113 51 0.12211332
227 97 0.122157454
161 50 0.122187614
365 124 0.12220081
361 40 0.12225577
213 118 0.12230836
144 75 0.12243658
163 74 0.122608416
122 125 0.12268554
371 142 0.1227659
373 134 0.12282203
363 128 0.12288083
363 124 0.122959346
230 126 0.122992806
142 58 0.12301257
212 105 0.123142645
229 104 0.12315279
332 107 0.12320489
257 74 0.123212546
112 102 0.12327565
134 45 0.12327856
247 73 0.12327945
133 117 0.12330857
283 96 0.123379365
327 109 0.12345661
121 41 0.123490684
174 45 0.1235187
363 46 0.123589054
74 126 0.123778164
123 60 0.12384138
243 50 0.12386069
223 54 0.123884365
244 75 0.12391257
183 55 0.1239637
10 67 0.12400247
274 101 0.12401913
124 39 0.12404673
143 135 0.124048896
178 117 0.1241606
144 126 0.12445095
199 41 0.124491625
73 121 0.12449679
152 57 0.124556124
85 99 0.12464963
213 106 0.12466496
72 69 0.124696314
225 74 0.12474725
159 50 0.124791384
165 129 0.12486866
250 50 0.12494239
80 69 0.1250369
152 43 0.1250564
340 145 0.12517878
175 74 0.1251803
386 102 0.12521397
121 60 0.12552848
364 99 0.12557773
157 75 0.1257448
152 47 0.12592909
72 125 0.12593065
382 63 0.12596057
173 100 0.12598367
79 132 0.12598641
142 103 0.12615399
336 137 0.12617308
209 74 0.12633775
368 145 0.12636292
232 94 0.12644069
256 40 0.12650998
209 39 0.12651968
139 124 0.12654558
375 60 0.12655073
141 41 0.12657203
229 74 0.12659423
207 39 0.12660201
336 69 0.1266083
386 58 0.12670083
101 97 0.12674637
233 51 0.12683682
289 105 0.12686141
80 91 0.12689985
251 50 0.12690072
148 105 0.12695482
223 129 0.12711772
361 39 0.1273011
178 96 0.1273039
146 51 0.12732142
8 141 0.12734199
103 90 0.12735859
272 52 0.1274232
170 49 0.127518
225 48 0.12758347
228 133 0.12761962
155 60 0.12766087
77 51 0.12771608
258 40 0.12777399
374 128 0.12781481
230 40 0.12783086
180 99 0.12783231
248 130 0.12794784
361 92 0.12799792
148 110 0.128045
165 52 0.12808464
10 119 0.12824157
144 144 0.12824632
116 57 0.12837274
90 42 0.12841305
75 65 0.12843819
167 41 0.12845
364 145 0.12852523
174 131 0.12872072
355 141 0.12876795
384 69 0.12880857
72 130 0.12891571
222 47 0.12897344
225 123 0.12897599
291 70 0.128979
308 90 0.12910944
197 41 0.12911896
76 40 0.12916885
306 40 0.12928447
163 128 0.12932223
382 130 0.12939972
373 57 0.1294309
359 39 0.12947765
101 108 0.12947887
209 99 0.12948592
112 125 0.12949118
112 136 0.12950554
155 51 0.12956013
148 135 0.12979114
85 145 0.12991649
102 72 0.13002893
110 57 0.13018048
142 125 0.13025121
115 94 0.13030392
306 68 0.13039061
175 73 0.13052173
162 145 0.13061179
150 58 0.13068715
285 135 0.13086061
136 60 0.13088079
227 101 0.1309006
222 80 0.13096868
225 72 0.13109778
157 71 0.13113433
165 104 0.13116497
152 108 0.131322
287 39 0.13137911
214 71 0.13141799
308 62 0.13152717
222 58 0.13154098
309 145 0.13159633
101 75 0.13161841
170 45 0.1318241
243 69 0.13188326
153 45 0.13189654
234 103 0.13189915
386 52 0.13199899
285 145 0.13200518
361 53 0.13210006
122 98 0.1321187
112 127 0.132139
135 50 0.13220501
146 48 0.13230442
161 45 0.13232808
284 75 0.13239594
90 70 0.13244244
359 129 0.1324567
386 106 0.13247992
382 65 0.13253553
209 97 0.13280642
311 50 0.13322586
308 124 0.13324231
257 99 0.1333197
149 125 0.13333306
177 131 0.13340011
156 70 0.13342415
142 70 0.13356596
247 56 0.13359861
327 117 0.13372049
156 105 0.13373221
342 43 0.13378286
108 145 0.13386236
156 46 0.13402845
10 129 0.13418606
152 96 0.1342899
287 73 0.1343759
174 72 0.13464382
379 91 0.13481912
361 132 0.13485827
266 73 0.13516712
329 145 0.13518097
168 49 0.13518369
197 78 0.13523838
269 39 0.13526046
158 48 0.13528576
161 129 0.13536245
269 69 0.1353755
377 42 0.1354594
250 130 0.13568021
79 105 0.13571891
10 116 0.13573144
10 115 0.1357778
108 73 0.13580209
75 46 0.13587385
311 138 0.13600531
163 56 0.13601175
327 39 0.13608421
113 52 0.13627653
228 99 0.13636318
194 91 0.13651451
10 100 0.13652155
283 60 0.13655448
382 138 0.13667896
85 40 0.13669086
229 58 0.13674262
281 39 0.13679014
281 69 0.13681976
227 57 0.1368938
146 62 0.13693182
222 46 0.13701428
145 41 0.13715613
244 60 0.13716766
332 145 0.13725397
187 71 0.13731332
386 53 0.13734499
266 138 0.13738422
165 42 0.137472
141 129 0.13752183
141 93 0.13768427
365 42 0.13778831
130 54 0.13789351
306 58 0.13802247
159 51 0.13805608
178 53 0.13819067
145 56 0.13823865
284 129 0.13825056
339 40 0.13828489
125 39 0.13838218
345 138 0.13850749
148 97 0.13852799
102 103 0.13862829
228 89 0.1387083
112 100 0.13876618
387 142 0.13880001
363 45 0.13891155
124 49 0.1389473
230 58 0.13899298
387 45 0.13899837
79 67 0.13919075
281 99 0.13924013
177 97 0.13933483
235 49 0.1394542
376 49 0.13950145
378 50 0.139534
283 74 0.1395372
211 90 0.139568
72 143 0.13960718
80 39 0.1396591
79 54 0.13997675
147 105 0.13998038
264 60 0.13998225
312 99 0.14006335
253 50 0.1400938
222 143 0.14017583
311 105 0.14018755
164 68 0.14046635
119 69 0.14053449
242 40 0.14106694
72 128 0.14107037
226 70 0.14112248
315 69 0.14117087
152 105 0.14127782
222 109 0.14137837
72 42 0.1414316
154 62 0.14151096
212 39 0.14152819
119 99 0.14162473
83 131 0.14175381
135 45 0.14177221
212 123 0.1418258
374 107 0.14187454
112 75 0.14188744
305 50 0.14198658
379 46 0.1420309
148 87 0.14203645
253 102 0.1420793
228 100 0.14222763
177 100 0.14229889
224 73 0.14230618
149 55 0.14234188
166 49 0.14236411
112 129 0.14247994
230 98 0.1425446
269 99 0.14254579
79 56 0.14254925
74 100 0.14260416
170 53 0.14282195
221 69 0.1428465
135 135 0.1429356
213 108 0.1430002
110 139 0.14310719
263 97 0.14318271
75 94 0.1433647
192 39 0.14341022
148 92 0.14353248
364 41 0.14384975
386 129 0.14398044
223 89 0.14401212
374 96 0.14405721
92 90 0.14415681
183 98 0.14417471
265 74 0.14422016
283 49 0.14438981
368 42 0.14439768
221 97 0.14452416
80 60 0.14463633
360 52 0.14464638
247 46 0.14472555
116 49 0.1447463
313 42 0.14475323
188 52 0.14477615
77 55 0.14481378
117 40 0.14487915
221 51 0.14500283
143 131 0.14513436
174 40 0.14543799
158 49 0.14554381
130 142 0.14556888
75 89 0.14559755
327 42 0.1456037
226 130 0.14564872
361 98 0.14574175
264 117 0.1458016
283 70 0.14592153
91 142 0.14596911
169 42 0.14598006
356 41 0.14599395
228 105 0.14599949
232 73 0.14605628
151 131 0.14623882
235 70 0.14626805
259 125 0.14628536
75 75 0.14630271
74 93 0.14630345
228 52 0.14632404
265 79 0.14640534
285 56 0.14643192
224 102 0.1465101
156 129 0.14651527
70 42 0.14652383
305 99 0.14670469
118 70 0.14674039
106 71 0.14676477
108 41 0.14725101
102 71 0.14725941
74 68 0.1472789
147 96 0.1473064
340 137 0.14736891
159 60 0.14738202
133 41 0.1473934
180 39 0.14739656
115 90 0.14740667
200 142 0.14747718
226 105 0.14748806
110 100 0.14752758
141 45 0.14754564
175 103 0.14758374
154 125 0.14770475
363 74 0.14773464
122 122 0.14782691
175 69 0.14786828
365 107 0.14795569
200 145 0.1479597
177 93 0.14797284
340 42 0.14809719
117 52 0.14830948
110 132 0.14832348
154 53 0.14834058
174 69 0.1484667
387 93 0.14853218
10 123 0.14858766
130 102 0.14860938
225 55 0.14866006
225 126 0.14881
95 99 0.14928626
214 99 0.1493246
225 42 0.14933808
250 56 0.1493961
76 54 0.14944246
308 56 0.14962378
150 57 0.149744
289 43 0.14978276
221 98 0.14979964
243 55 0.14993815
287 143 0.14997533
305 41 0.15020235
315 122 0.15029655
85 128 0.15039079
225 50 0.15053527
139 98 0.15054843
72 142 0.15058002
165 45 0.15059578
213 85 0.15079403
222 114 0.1508541
363 145 0.15085539
8 144 0.15092167
284 46 0.15093759
150 124 0.15097624
71 52 0.15102394
10 49 0.15117814
116 39 0.1514146
271 135 0.15149024
243 39 0.15158425
221 133 0.15163983
186 90 0.15186048
228 101 0.15213116
112 106 0.15213695
9 42 0.15230726
209 134 0.15254207
77 125 0.15254426
246 105 0.15257767
362 52 0.1527358
361 41 0.15287589
151 57 0.15292515
124 68 0.15298165
222 55 0.15304737
191 70 0.15306231
130 70 0.15311047
148 67 0.15316786
117 129 0.1532719
158 54 0.15356624
96 145 0.15358949
373 135 0.15369338
121 74 0.1537504
80 134 0.15378566
355 42 0.15384851
148 44 0.15388024
283 46 0.15396121
355 126 0.1539794
85 60 0.1540291
312 71 0.15405467
122 134 0.15413293
340 39 0.15415528
386 42 0.15420166
101 119 0.15450242
266 60 0.15452893
375 42 0.15466958
341 40 0.15467903
161 131 0.15471615
208 117 0.15489843
250 128 0.15495023
141 145 0.15496646
213 117 0.1550365
72 96 0.15508106
386 107 0.15519455
359 55 0.15551731
250 91 0.15555285
10 110 0.15570036
332 122 0.15573774
289 98 0.15573788
258 128 0.15580383
215 130 0.15581787
80 41 0.15585393
119 55 0.15598817
187 145 0.15598923
200 41 0.15609007
309 46 0.15625443
122 128 0.1562951
359 128 0.15644935
175 51 0.1567908
338 40 0.1569764
360 39 0.15700036
90 93 0.15706706
192 62 0.15714297
104 43 0.15744177
371 40 0.15752131
184 74 0.15766603
256 94 0.15775183
226 62 0.15776321
358 128 0.1578461
74 58 0.15788701
229 66 0.15792319
160 60 0.15810192
139 50 0.15825576
191 62 0.15826201
170 73 0.15847145
209 93 0.15855472
212 56 0.15857056
209 129 0.15861352
96 121 0.15864997
368 104 0.158658
70 101 0.15867713
75 103 0.15873033
83 98 0.15881288
72 129 0.15885219
345 135 0.15886736
227 90 0.15890883
361 123 0.15910205
180 60 0.15919542
227 46 0.15920267
349 41 0.15931967
74 107 0.15932176
298 41 0.15940043
257 131 0.15950069
151 99 0.15952851
234 51 0.15956959
242 52 0.15959252
192 54 0.15965149
84 129 0.15965402
363 68 0.1597622
242 99 0.15978335
90 102 0.15982774
361 129 0.15994829
163 138 0.16002794
211 69 0.160053
179 131 0.16012086
110 56 0.16023205
243 53 0.16025676
149 46 0.16030782
274 57 0.16042316
332 131 0.1604335
258 60 0.16073298
152 101 0.1608032
75 42 0.16080794
151 91 0.16091274
372 40 0.16105324
285 46 0.16105933
310 56 0.16106309
171 123 0.16107678
194 70 0.16108114
309 50 0.16130935
119 60 0.16140889
158 51 0.16141345
209 45 0.16186218
192 75 0.162006
382 78 0.16217156
83 56 0.16227332
356 142 0.1623648
374 138 0.16237554
79 55 0.16238318
194 46 0.16240531
309 39 0.16242574
84 91 0.16246665
108 40 0.16255063
101 91 0.16257101
125 46 0.1625905
305 40 0.16263813
250 74 0.16267887
313 40 0.16270015
177 53 0.16274516
121 99 0.16286448
359 49 0.16290836
387 95 0.16292718
257 98 0.16294806
228 126 0.16299215
154 52 0.16302225
222 121 0.16303131
386 68 0.16316767
73 102 0.16320956
364 60 0.1633167
151 56 0.16343126
229 56 0.16349372
113 94 0.16372126
207 91 0.16401234
363 57 0.16427782
309 125 0.16428247
368 60 0.16442627
373 50 0.16448805
175 117 0.16451731
327 121 0.16451943
112 107 0.16453323
339 56 0.1646214
110 104 0.16479225
250 73 0.16481318
188 51 0.16494763
110 51 0.16499004
373 96 0.16501316
383 142 0.16511771
221 78 0.16541357
251 93 0.16547564
101 69 0.1655508
315 46 0.16556865
174 104 0.16558062
207 104 0.16565773
213 70 0.16570993
226 69 0.16577879
253 45 0.16591121
250 98 0.16602665
188 56 0.16605514
85 49 0.16608472
112 90 0.16622037
246 90 0.16642174
214 125 0.1664734
361 42 0.16652445
73 48 0.16665754
93 46 0.16672572
362 62 0.1667581
10 54 0.16677076
213 119 0.1668157
74 105 0.16684774
226 128 0.1669731
118 56 0.16698122
226 65 0.16702692
177 108 0.16706279
70 41 0.16726092
222 79 0.16732112
111 39 0.16733764
167 90 0.16738288
226 101 0.16779104
337 40 0.16781804
263 40 0.16782907
289 134 0.16820982
187 51 0.16842926
159 55 0.16852248
179 101 0.16852489
243 43 0.16887614
167 99 0.16891938
213 71 0.16900216
297 134 0.16905221
122 94 0.16911505
77 42 0.16935173
253 131 0.16940755
214 75 0.16946205
112 138 0.16951482
183 41 0.1695683
234 73 0.16974264
149 145 0.16979718
178 74 0.16981041
75 108 0.16982576
223 56 0.16995534
178 129 0.17023952
103 50 0.17032564
191 105 0.1703287
188 60 0.17035927
355 46 0.17037466
102 48 0.1705424
213 46 0.17078665
177 41 0.17080973
149 54 0.17087859
374 60 0.17114346
173 42 0.1711948
187 105 0.17121586
174 57 0.17130321
156 40 0.17140454
317 41 0.17147975
192 143 0.17151949
386 127 0.17160656
75 72 0.171673
147 57 0.17175874
315 103 0.17187847
146 52 0.17211197
192 145 0.17226185
80 90 0.17228036
178 39 0.17230207
221 55 0.17242667
72 105 0.17252907
213 122 0.17261212
117 48 0.1726243
177 72 0.17278358
154 60 0.17293492
112 137 0.17298341
145 51 0.1729851
309 98 0.17312118
387 126 0.17318985
271 49 0.17319968
264 42 0.17326906
355 43 0.17329007
332 141 0.17336527
134 50 0.17353302
373 105 0.17357996
115 98 0.17358182
156 42 0.17359897
227 102 0.17361015
386 45 0.17365837
117 41 0.17367592
298 39 0.17436633
234 46 0.17439523
352 134 0.17470096
306 57 0.17480215
85 93 0.17490423
177 101 0.17509374
327 96 0.17519182
178 141 0.17523152
375 69 0.17527115
80 51 0.17534581
117 60 0.17545515
71 128 0.17554222
153 126 0.17555317
149 57 0.17565723
252 40 0.17569223
207 42 0.17573214
102 55 0.17607495
257 128 0.1760822
144 70 0.17620833
238 60 0.17635751
103 55 0.17666474
355 117 0.17696826
377 45 0.17707592
209 128 0.17707813
368 94 0.17714366
191 90 0.1771582
91 70 0.17726758
74 57 0.1772677
103 68 0.17747843
382 114 0.1775355
110 52 0.1776588
85 76 0.17766364
225 92 0.17769442
339 137 0.17773233
251 142 0.17777613
257 119 0.17794718
118 55 0.17803371
229 70 0.1783369
8 121 0.17837134
75 73 0.17841014
284 55 0.1784834
144 130 0.17855155
82 108 0.17855626
225 103 0.17858702
281 135 0.17865685
177 46 0.17881599
73 107 0.17887619
112 93 0.17888138
122 72 0.17893274
105 41 0.17924297
180 131 0.17934094
387 60 0.17940004
165 90 0.17959508
157 99 0.17968902
309 101 0.17972438
287 121 0.1797524
208 57 0.17985377
362 145 0.1798855
173 55 0.17991912
84 143 0.17996596
223 117 0.1800119
77 72 0.18004891
337 145 0.1802352
222 67 0.18049294
215 121 0.18051703
77 53 0.18070886
147 107 0.18084583
166 50 0.18085799
152 61 0.18092039
170 50 0.18100663
215 100 0.18110034
221 130 0.18117261
10 62 0.18120502
207 100 0.18123507
173 69 0.18136589
128 60 0.18158573
374 122 0.18160799
111 99 0.18166701
340 134 0.18175395
229 71 0.18184114
144 96 0.18203573
102 50 0.18217105
373 39 0.18228196
225 75 0.18249059
81 71 0.18255901
152 100 0.18268485
184 69 0.18275762
229 43 0.18277153
309 100 0.18291776
361 124 0.1830847
313 56 0.1831867
284 99 0.18318884
377 91 0.18327078
342 41 0.18339124
253 70 0.18341912
122 51 0.18345712
254 107 0.1835144
74 101 0.18371306
75 141 0.18387806
81 100 0.18434685
211 96 0.18440929
156 69 0.18458857
109 99 0.1847735
269 41 0.18484554
81 70 0.1848607
158 41 0.18507619
317 40 0.18511929
119 91 0.18516007
91 46 0.18536206
148 59 0.18539411
75 137 0.18553069
225 47 0.18554285
177 62 0.18557784
164 60 0.18560195
234 105 0.18564345
315 40 0.185722
113 105 0.18573369
284 128 0.18578216
161 42 0.18596151
247 121 0.18600728
72 70 0.18605274
159 45 0.1860836
225 137 0.18610486
101 39 0.1862479
225 133 0.18626958
361 101 0.18627676
382 77 0.1863692
73 71 0.18685776
84 98 0.1868656
229 130 0.18687859
174 145 0.18692513
10 86 0.18694408
10 46 0.1870842
83 107 0.18723293
221 126 0.18724085
112 46 0.18728991
357 40 0.1873393
194 48 0.18738821
110 145 0.1875663
100 60 0.18757792
375 57 0.18760665
378 49 0.18780741
230 50 0.18781805
76 55 0.18794274
362 135 0.18804185
144 52 0.18806854
361 102 0.18822399
385 49 0.18831888
373 129 0.18836787
74 60 0.18840075
136 129 0.18855098
229 107 0.18859245
149 41 0.18860531
371 39 0.18863444
147 68 0.1887877
192 58 0.189059
384 39 0.18906057
10 137 0.18907526
363 69 0.18917623
287 41 0.18930434
225 93 0.18954091
284 126 0.18963657
247 98 0.18980019
171 128 0.189809
243 90 0.19007978
72 56 0.19009314
386 126 0.19029614
257 91 0.19030994
165 145 0.19033799
327 143 0.19036242
232 48 0.19055186
224 57 0.19065785
208 40 0.19071707
112 51 0.19072537
318 117 0.19074011
110 71 0.1909921
229 126 0.1911726
292 91 0.19134678
373 99 0.19153711
247 51 0.19159305
359 54 0.19164309
212 71 0.19166411
101 71 0.19166864
232 40 0.1917223
211 142 0.1917646
193 68 0.1918884
209 142 0.19194433
330 137 0.19208871
378 45 0.19219461
192 45 0.19227265
77 52 0.19233207
339 43 0.19253051
148 65 0.19262803
175 39 0.19265118
130 91 0.19272307
177 60 0.1928025
187 50 0.19305968
147 102 0.19314355
73 134 0.19319426
152 71 0.1932426
67 94 0.1933723
156 67 0.19357921
381 50 0.19358313
70 129 0.19372064
79 39 0.19394025
227 128 0.19418745
95 91 0.19419771
214 41 0.19421858
103 74 0.19423477
122 105 0.19426018
306 95 0.1942754
243 117 0.19430609
101 70 0.19469547
82 42 0.19473025
285 99 0.19493262
251 73 0.19499081
253 56 0.19505012
153 71 0.19505349
95 121 0.1951994
193 50 0.19523448
376 99 0.1953194
75 61 0.19555826
263 98 0.19560388
102 134 0.19572097
384 91 0.19580711
223 61 0.19606158
192 91 0.1962046
206 105 0.1963383
104 69 0.1963549
101 41 0.19644025
157 55 0.19645885
332 99 0.19649191
279 41 0.19650021
146 91 0.19659272
90 138 0.19667971
381 69 0.196689
146 128 0.19688262
149 130 0.19696482
257 51 0.19708917
90 103 0.19725886
164 69 0.19752166
308 103 0.19769403
102 129 0.19780308
76 126 0.19796494
110 89 0.19808695
384 71 0.19817582
284 71 0.19848582
284 135 0.19860516
213 101 0.19876897
309 72 0.19883329
178 41 0.19904526
171 56 0.19905968
187 90 0.1991556
73 55 0.19916359
363 49 0.1993387
72 145 0.19933873
110 50 0.19936517
115 49 0.1993874
263 60 0.19941927
225 46 0.19952396
73 43 0.19953535
154 54 0.19953722
244 91 0.1997568
154 99 0.19979951
83 42 0.1998244
187 49 0.1998631
178 68 0.19989958
73 73 0.20026971
106 70 0.20032255
121 138 0.20033929
10 69 0.20034857
93 50 0.20045051
83 49 0.20097731
103 145 0.20098305
213 123 0.20103395
171 73 0.20108923
75 76 0.2014418
90 91 0.20156676
227 100 0.20170882
73 103 0.20204894
173 70 0.20212829
340 53 0.20217672
10 132 0.20223433
164 54 0.20256373
308 91 0.2025679
174 46 0.20263557
284 49 0.20264447
223 87 0.20279731
370 42 0.20337439
157 40 0.20345938
270 39 0.203493
112 117 0.2037703
284 69 0.20387086
363 125 0.20390224
221 107 0.20395961
234 91 0.20403482
255 41 0.2040476
386 94 0.20434424
192 51 0.20435607
283 40 0.20445877
210 41 0.2044639
351 40 0.20452043
93 60 0.20455718
84 49 0.20459054
266 118 0.20462346
70 52 0.20477206
226 129 0.20482397
385 39 0.20485842
178 104 0.20493275
75 131 0.20496917
152 91 0.20519249
251 60 0.20525295
341 41 0.20535442
224 71 0.20537904
312 105 0.2055847
157 128 0.20572217
125 40 0.20582032
115 108 0.20590238
387 43 0.20591767
104 41 0.2059227
283 51 0.20602927
117 62 0.20641632
233 50 0.20645007
223 63 0.20653194
78 138 0.20676115
223 121 0.20676474
225 39 0.20682901
109 39 0.2070341
147 89 0.20703892
308 61 0.20713484
225 130 0.20732516
146 54 0.20742038
285 55 0.20742156
74 41 0.20745176
100 69 0.20767392
222 145 0.2077018
215 105 0.20773019
142 91 0.20777121
10 97 0.2078429
381 51 0.20789154
257 102 0.20792869
227 95 0.2079921
267 40 0.20862585
165 126 0.20862703
10 145 0.20880356
255 40 0.20886411
177 99 0.20891973
227 105 0.20952198
377 134 0.20969021
80 52 0.2097794
74 90 0.21002826
287 60 0.21019462
306 127 0.21023458
289 138 0.21032631
306 130 0.21032773
280 60 0.21035455
313 39 0.21076116
345 41 0.21088438
250 49 0.21128738
221 74 0.21138406
178 128 0.21138528
244 55 0.2115928
194 50 0.2117691
118 129 0.21201059
193 138 0.21223606
144 91 0.21236882
8 142 0.21246606
271 45 0.21247806
363 141 0.21249986
192 98 0.21275413
377 51 0.21311559
280 41 0.21323773
77 129 0.21329747
225 65 0.21333236
285 48 0.21333882
370 39 0.2134784
178 145 0.21352921
377 46 0.21359052
147 63 0.21369477
19 78 0.21374655
110 97 0.21381596
226 72 0.21384099
85 79 0.21392342
229 142 0.2139658
361 91 0.21400748
313 72 0.21403646
232 58 0.21412817
373 90 0.21414807
229 90 0.21421674
110 54 0.21439624
361 117 0.21445596
164 126 0.21466966
124 69 0.21470855
229 67 0.21485257
222 44 0.21489199
143 128 0.21498773
385 41 0.21511546
83 108 0.21518485
175 101 0.2151979
213 134 0.2154898
154 56 0.2157632
340 52 0.21599296
192 123 0.21600477
327 76 0.21618909
245 41 0.21622029
72 90 0.21624821
315 91 0.21635905
361 135 0.21657181
362 41 0.21691427
349 134 0.217473
147 104 0.21757878
144 127 0.21774417
212 55 0.21775582
190 52 0.21783188
229 96 0.21814469
102 69 0.218148
214 121 0.21816894
75 67 0.21817762
315 60 0.2181865
250 129 0.21821235
167 52 0.21839684
265 43 0.21853259
270 40 0.2188502
118 99 0.21890184
232 105 0.21915177
72 94 0.21933061
271 134 0.21935634
232 131 0.21956381
230 46 0.2197486
95 90 0.21985987
85 75 0.21992417
340 46 0.21997178
76 57 0.219986
308 70 0.22015384
76 51 0.22025819
209 91 0.22027531
177 55 0.2208668
281 107 0.22117819
377 69 0.22123998
382 72 0.22128356
382 121 0.221539
156 98 0.22156504
223 47 0.22160985
148 103 0.22170106
106 138 0.22176677
348 138 0.22180617
189 69 0.22182928
166 54 0.22205465
112 96 0.22211948
362 143 0.22215375
148 63 0.22236893
373 43 0.22241089
175 62 0.22321016
222 128 0.22323808
152 145 0.2232597
147 132 0.22333452
112 128 0.2234293
221 100 0.22350395
130 138 0.22380744
306 39 0.22437978
225 145 0.22463462
359 74 0.22476973
72 71 0.22506888
365 57 0.22513151
361 70 0.2252321
315 56 0.22526072
167 70 0.2255182
152 124 0.2256696
227 75 0.2259415
72 101 0.22598122
192 122 0.22606924
75 41 0.2261377
386 125 0.2264297
161 51 0.22672714
230 45 0.22682156
223 95 0.22695225
146 55 0.22695783
110 58 0.22701037
367 46 0.22753686
381 128 0.22755164
186 91 0.22760655
171 125 0.22782521
378 69 0.22784188
210 71 0.22788635
167 129 0.22825803
269 46 0.22827265
308 58 0.22835343
234 145 0.2284064
374 40 0.22844635
95 43 0.22849432
75 57 0.22849466
382 44 0.22879812
141 46 0.22882731
197 126 0.22883001
154 91 0.22887996
115 50 0.22899404
14 40 0.22899455
213 131 0.22916389
118 128 0.22971852
374 51 0.22973487
90 55 0.22998369
271 102 0.23032913
152 53 0.23036858
386 95 0.2303787
369 42 0.23056325
160 41 0.23070487
311 69 0.23082544
148 73 0.23137398
130 73 0.23143527
227 44 0.23185584
289 60 0.2319445
79 72 0.23200494
227 143 0.23211604
223 92 0.23212048
84 40 0.2321294
123 41 0.2324245
229 55 0.23255712
230 57 0.23258029
223 48 0.23275536
78 60 0.23276398
112 123 0.23288721
284 41 0.2329489
83 45 0.2330415
147 91 0.23325537
386 56 0.23328316
361 46 0.2336402
173 41 0.23384559
112 134 0.23390123
79 69 0.2340071
165 60 0.23448245
128 41 0.23453288
10 43 0.2345913
149 90 0.23473482
20 41 0.23479223
365 99 0.2349165
207 72 0.23501328
151 128 0.2351293
229 125 0.235148
164 50 0.23569605
232 41 0.23590992
250 41 0.23598781
253 54 0.23615196
154 55 0.236196
386 96 0.23629436
165 46 0.23632777
373 71 0.23646006
122 100 0.2365302
232 134 0.23669505
377 52 0.23707275
376 60 0.23733675
122 50 0.23741114
225 96 0.23746662
75 59 0.23747343
234 129 0.23762333
257 122 0.23771594
318 41 0.237843
192 127 0.23789498
163 52 0.23815998
339 94 0.23831052
156 108 0.23845601
158 60 0.23852625
178 121 0.23871961
73 96 0.23897217
85 143 0.23923524
232 100 0.23933977
170 46 0.23962647
265 99 0.23971075
243 91 0.24001619
75 53 0.24009746
361 74 0.24029718
244 74 0.24040227
103 42 0.24055672
10 138 0.24077514
254 40 0.24085115
306 50 0.2408798
150 59 0.24098861
290 41 0.24099559
382 118 0.24105233
274 99 0.24120292
308 100 0.24136087
174 42 0.2414116
130 62 0.24151906
178 62 0.24169296
151 58 0.24175139
85 144 0.2418024
365 60 0.24189019
242 39 0.24233142
361 90 0.24251643
223 78 0.24293621
229 57 0.24296007
110 137 0.24296474
161 41 0.24335691
222 95 0.24343467
222 107 0.24358077
109 42 0.24371532
251 119 0.24373487
151 53 0.24380106
225 110 0.24385509
281 60 0.24393587
75 145 0.24406242
361 49 0.24407227
124 42 0.24423665
149 56 0.24427861
122 102 0.24429487
165 105 0.24467258
122 73 0.2446745
382 73 0.24495734
191 52 0.24537414
244 93 0.24575287
250 90 0.24577041
209 73 0.24591404
145 91 0.24612734
122 124 0.24623582
213 93 0.2464663
251 49 0.24657348
223 58 0.24691275
243 99 0.24701749
229 143 0.24714407
222 106 0.2472032
156 48 0.24763662
142 46 0.24793646
368 40 0.24795224
376 90 0.24801792
74 70 0.24811332
175 107 0.24832435
385 145 0.24871801
224 101 0.24889326
228 69 0.24892405
83 69 0.24914576
147 101 0.2491717
243 100 0.24935894
370 43 0.24939483
368 71 0.24950133
115 55 0.24953997
257 52 0.2495603
163 69 0.24958564
185 69 0.24965571
327 40 0.24970031
153 46 0.2497654
90 145 0.24980274
178 122 0.25007793
165 55 0.250486
191 48 0.2504998
308 104 0.25091326
246 52 0.25092825
377 70 0.25120637
248 128 0.2514514
110 123 0.25187516
101 74 0.25199288
178 93 0.25207794
155 55 0.2522547
267 41 0.2522982
147 62 0.2523271
361 139 0.25252607
229 131 0.25258926
213 56 0.25259116
360 41 0.2525978
229 100 0.2530797
177 143 0.25334015
379 60 0.25369856
386 143 0.25396156
247 49 0.25399384
340 122 0.25415316
214 133 0.25416744
386 62 0.25455916
340 138 0.2547605
223 67 0.254816
99 41 0.25506967
191 134 0.25517902
115 131 0.2553295
386 89 0.2553457
77 43 0.25544387
309 126 0.25546026
77 61 0.25556538
150 41 0.25574124
233 70 0.25624388
305 129 0.25627914
84 60 0.2564861
257 126 0.25654063
265 117 0.2567604
158 55 0.25679636
101 129 0.25715998
228 145 0.25740653
365 90 0.25740668
284 62 0.2574787
284 138 0.25765896
345 134 0.2580622
122 71 0.25813574
252 98 0.25825524
223 103 0.25838998
115 129 0.2583933
283 93 0.25845528
72 54 0.25850743
246 91 0.25882742
174 56 0.25896525
225 114 0.2593025
77 126 0.25934967
147 93 0.25956455
285 92 0.25957057
226 39 0.2596022
122 141 0.25980467
75 45 0.26002383
194 52 0.26004937
121 129 0.26007771
119 70 0.26012406
289 91 0.26014775
386 101 0.26019105
152 68 0.26021612
148 94 0.26029885
223 131 0.26037973
215 42 0.26045913
247 74 0.26091105
192 93 0.26117337
289 99 0.26142287
10 71 0.26155776
244 128 0.26179397
10 102 0.26222423
307 51 0.26245695
157 50 0.2625455
19 41 0.2628029
257 49 0.26280588
96 46 0.2628871
152 126 0.26301304
386 48 0.26337305
121 101 0.26340708
284 51 0.26346877
112 126 0.26372266
153 99 0.26378134
121 70 0.26420498
178 100 0.26447526
251 128 0.26456589
309 68 0.26501998
230 60 0.26570982
79 61 0.26592147
212 92 0.26599163
112 50 0.26600826
77 54 0.26651776
117 138 0.2667168
141 142 0.26704666
212 121 0.26706687
85 129 0.26712307
117 142 0.26713723
77 91 0.26731494
222 96 0.26744658
386 54 0.26781136
210 105 0.26801473
222 78 0.26814437
225 43 0.26816612
225 61 0.26835483
264 39 0.26836532
187 52 0.26840538
387 75 0.2684089
116 129 0.2684307
163 103 0.26862675
362 70 0.26884434
223 108 0.26895493
374 52 0.26910865
164 52 0.2692342
197 128 0.2698783
264 40 0.2701099
187 91 0.27045316
84 43 0.27055413
227 45 0.2706356
223 46 0.27065822
130 46 0.27096635
382 106 0.2711362
387 62 0.27114475
72 61 0.2712305
222 74 0.27125734
214 128 0.2713946
192 100 0.2714746
146 145 0.27169308
90 99 0.2717551
73 45 0.2719672
362 137 0.27197197
221 109 0.27214015
156 91 0.27223757
91 105 0.27268285
10 101 0.2727933
151 125 0.27308092
365 143 0.27369285
386 70 0.27372882
243 143 0.27378535
271 41 0.27380642
243 70 0.27385882
142 50 0.27392632
308 125 0.27411208
308 74 0.2743303
214 105 0.27496132
225 108 0.27497196
229 127 0.27508146
141 52 0.2754507
348 70 0.2757395
110 61 0.2757638
214 103 0.2760033
363 91 0.27603784
148 74 0.27609587
227 94 0.27657893
340 99 0.27658522
81 69 0.27673832
144 124 0.2767601
165 125 0.27683756
112 40 0.2769132
134 131 0.27712816
244 98 0.2773884
162 131 0.2774684
103 122 0.27769208
222 49 0.27772212
150 128 0.27787343
77 46 0.2778995
254 51 0.2782019
74 52 0.2782095
153 60 0.2783888
74 71 0.2786947
142 129 0.27875885
165 40 0.2791484
387 143 0.27917635
247 96 0.27924037
148 95 0.27928352
361 56 0.27954027
243 40 0.27960664
229 39 0.28017548
147 71 0.2804134
305 145 0.2808025
224 100 0.2809338
362 69 0.28102714
122 74 0.2811181
228 46 0.2813766
382 103 0.2814808
315 142 0.28181875
192 71 0.28217193
257 124 0.28269354
247 123 0.28315294
167 125 0.28355485
225 67 0.2835679
147 90 0.28402907
192 96 0.28410494
159 91 0.28433138
355 41 0.28433672
74 62 0.28443646
386 61 0.28494483
250 143 0.28505227
192 55 0.2851255
361 48 0.28528032
187 53 0.28601432
175 135 0.28617758
241 39 0.28637475
378 70 0.28661686
221 121 0.2866243
232 45 0.28684938
213 39 0.2868773
170 125 0.28698492
141 128 0.2870906
378 46 0.28715098
232 43 0.28721702
110 101 0.28742355
152 46 0.28785574
382 135 0.28802633
145 42 0.2883438
265 105 0.28842264
386 60 0.28849715
213 69 0.2887564
246 75 0.2894833
10 140 0.2895348
175 99 0.28989854
362 141 0.29007724
227 61 0.29050058
70 98 0.29065564
221 45 0.2908297
174 108 0.2908489
232 129 0.29180965
156 125 0.29228222
306 98 0.2923837
247 52 0.29239282
81 99 0.29245028
174 99 0.29281625
232 103 0.2928722
374 54 0.29292074
336 138 0.2931944
386 105 0.29334256
147 73 0.29365224
103 123 0.2937184
313 43 0.2938333
110 95 0.29386523
71 49 0.29393882
313 70 0.29397684
266 42 0.29421097
267 39 0.29501498
212 98 0.29516113
327 71 0.29529774
8 91 0.2953455
241 60 0.29546863
214 101 0.2954958
10 113 0.2957625
246 56 0.29583663
214 39 0.2958417
175 93 0.2960994
193 126 0.29627815
70 56 0.2964762
382 74 0.29652226
222 134 0.29669875
132 49 0.29674894
230 93 0.29677373
167 60 0.29685426
297 73 0.29688364
75 54 0.29691142
387 100 0.2969303
93 41 0.29712647
335 41 0.2972876
363 143 0.29752636
213 104 0.29783714
257 45 0.2979321
306 52 0.2979359
90 105 0.29801682
191 129 0.29828924
198 39 0.2985368
305 49 0.29858002
214 104 0.29878974
212 91 0.2995692
359 60 0.29961547
211 40 0.2996969
147 88 0.29975897
244 52 0.29983848
110 94 0.30024803
387 66 0.30028188
110 62 0.30041042
232 55 0.30051205
157 60 0.3005353
373 40 0.30069697
83 100 0.3008579
212 97 0.30104417
139 99 0.30119917
213 107 0.30124968
163 93 0.30143774
271 50 0.30167538
243 75 0.30186486
386 46 0.30223233
327 60 0.30239135
362 45 0.3024282
306 41 0.30271664
237 60 0.3027256
110 126 0.30304405
110 68 0.3033751
307 99 0.30348182
374 50 0.30374053
234 50 0.30386156
144 69 0.3040351
253 49 0.30412
243 46 0.30432734
229 99 0.3043834
382 132 0.30446652
171 90 0.30456913
117 128 0.3046788
175 100 0.30470473
229 101 0.30489162
102 135 0.30530253
382 59 0.3053776
177 70 0.305395
19 40 0.30570483
338 41 0.30585772
386 51 0.30598748
234 60 0.30621642
209 138 0.30696136
75 48 0.30706242
149 39 0.30711555
152 142 0.30749834
152 42 0.3076318
147 42 0.30910593
308 54 0.3093279
387 70 0.31025583
363 70 0.31052303
142 55 0.31058413
115 41 0.3106403
239 142 0.31076294
227 96 0.311748
306 49 0.31190515
72 50 0.31195578
148 121 0.3122713
289 39 0.312279
226 90 0.31231222
284 103 0.31246048
213 43 0.31261474
355 90 0.31273967
117 131 0.3130961
198 40 0.3133164
110 112 0.31354392
229 68 0.31392094
225 124 0.31422204
387 105 0.3142534
192 52 0.31437922
103 60 0.31465372
191 101 0.31465608
142 60 0.3147202
207 40 0.31480473
275 99 0.31481713
225 142 0.31523705
142 62 0.31545725
75 127 0.3155768
175 91 0.31618166
372 41 0.31624776
223 96 0.31660885
104 42 0.31663865
141 50 0.31679964
112 135 0.31680465
225 129 0.31697685
110 105 0.31760997
232 91 0.3177115
77 105 0.3178212
184 138 0.31793272
76 71 0.31794262
250 99 0.3183964
243 145 0.318569
213 145 0.3186125
129 40 0.3188035
356 108 0.31913334
244 69 0.31921715
363 52 0.31943506
260 41 0.32032812
122 108 0.3203463
122 52 0.32050127
159 52 0.32071292
178 49 0.3209246
122 40 0.3209321
211 105 0.32098013
148 61 0.32104674
113 129 0.32184157
222 131 0.322073
329 39 0.3221383
305 128 0.32243636
175 50 0.3225014
14 39 0.32252717
149 60 0.32345095
236 41 0.32367533
122 129 0.32379803
145 99 0.32381743
381 99 0.32390192
372 45 0.3239271
178 123 0.32395643
109 41 0.32409328
159 69 0.32431853
285 50 0.32482433
247 55 0.32510442
149 126 0.3251212
228 50 0.32555896
80 70 0.3263622
110 138 0.32648453
222 52 0.3265004
157 51 0.32677227
146 90 0.3268637
153 54 0.32729024
175 60 0.32738376
164 53 0.32804534
112 109 0.32830715
248 73 0.32833424
210 39 0.32857013
226 42 0.32885927
96 60 0.32892415
118 62 0.32949972
224 69 0.3305815
246 74 0.33082825
215 60 0.33132225
149 40 0.33134758
109 40 0.33155665
208 71 0.33188698
232 128 0.3320164
72 52 0.33228713
118 60 0.33230284
289 40 0.33243048
73 93 0.33247745
222 108 0.33253664
362 138 0.33270204
244 99 0.33313683
147 100 0.333168
69 105 0.3336805
102 60 0.333905
208 39 0.3339422
225 143 0.33397624
76 56 0.33420718
152 131 0.33436605
306 126 0.33451498
149 53 0.3355036
373 70 0.33552256
162 60 0.33568317
75 124 0.3360805
374 39 0.33615884
103 141 0.3361882
309 71 0.33669668
207 99 0.33671555
376 128 0.33686605
113 98 0.3369975
156 51 0.33738196
150 129 0.33776847
222 94 0.3381089
130 128 0.33829838
284 52 0.3393293
166 52 0.3400568
225 63 0.3406399
102 46 0.34151214
110 45 0.34191754
73 130 0.3419918
103 49 0.34203315
170 56 0.34268266
112 42 0.3429374
80 62 0.34307528
283 75 0.3434355
75 130 0.34345287
148 144 0.34346673
363 142 0.34426805
110 75 0.34429467
228 45 0.3443878
175 71 0.34482965
222 73 0.34590873
384 90 0.34603056
253 42 0.34628567
167 51 0.34631336
308 50 0.34639674
374 131 0.3464868
154 51 0.3465467
147 66 0.34660214
142 51 0.34668133
75 93 0.34680325
173 90 0.3468303
281 40 0.3471237
283 71 0.34720212
152 134 0.34739965
83 90 0.3476535
103 137 0.34835172
308 53 0.3485092
215 75 0.34858412
147 58 0.34949732
73 56 0.34951943
284 131 0.34955135
177 90 0.35021424
165 128 0.3503996
223 42 0.3504533
213 105 0.3505631
247 99 0.35082358
306 51 0.35088342
378 134 0.3512265
232 90 0.3512337
222 68 0.35136434
253 69 0.35140994
223 50 0.35188586
371 42 0.35268193
361 55 0.35319668
118 138 0.3537214
224 104 0.35392165
103 91 0.35397106
363 62 0.3539733
144 57 0.3541355
382 134 0.35415488
257 135 0.3544674
382 137 0.3546921
79 59 0.3556316
224 91 0.35578996
244 54 0.35604936
172 41 0.35611996
175 145 0.356391
246 60 0.3565908
224 74 0.3567124
152 130 0.3569327
152 58 0.3571036
246 69 0.35761344
306 129 0.35768205
352 138 0.3585583
73 94 0.3588488
102 128 0.3589691
223 135 0.35905245
157 39 0.35907382
230 49 0.3591538
221 105 0.35927072
266 43 0.35942224
142 135 0.35949528
250 145 0.35957837
122 49 0.35989657
329 40 0.3599819
309 59 0.3600856
382 64 0.36011177
72 93 0.36026376
229 105 0.36035246
221 60 0.36044288
254 68 0.36050615
386 144 0.3606813
187 60 0.36071372
118 50 0.36104873
212 60 0.36105093
192 73 0.36124516
151 50 0.36145493
327 142 0.36161834
156 58 0.36166316
254 50 0.3618999
83 105 0.3624325
110 122 0.36247993
355 135 0.3627086
166 60 0.3633877
84 75 0.36346376
221 56 0.36384764
155 99 0.36420512
70 39 0.36430007
223 51 0.36450022
191 128 0.364596
223 141 0.36540183
233 69 0.365854
102 102 0.36628124
75 74 0.36682498
147 56 0.36712164
144 128 0.367291
74 96 0.36790124
223 112 0.36805663
153 128 0.36825705
83 74 0.36831102
243 142 0.36845785
209 70 0.3685878
374 43 0.3688202
226 56 0.36883697
222 110 0.36925536
387 50 0.36949858
306 128 0.36959088
213 91 0.36976156
148 133 0.36993748
72 73 0.37008998
381 52 0.37022722
230 125 0.37026578
103 70 0.3703303
361 73 0.37093425
247 129 0.3709675
309 41 0.37150452
102 49 0.37170762
208 60 0.37229273
77 59 0.37231612
156 53 0.3724669
241 41 0.37255853
112 98 0.3725817
121 91 0.37354815
10 65 0.37362063
186 69 0.37373906
118 46 0.37384498
234 49 0.37394524
173 45 0.37479877
254 43 0.3749646
284 74 0.37535876
386 55 0.375804
244 138 0.37590173
110 109 0.37622276
142 90 0.37623912
234 55 0.3762715
73 108 0.37631086
83 145 0.37644953
305 52 0.37656826
225 56 0.37690806
225 131 0.37694013
72 68 0.37700164
103 138 0.37731746
363 90 0.37811345
10 121 0.37811962
361 128 0.3782548
110 39 0.3783794
151 55 0.37888694
193 90 0.3790823
130 75 0.3792569
103 134 0.37942463
363 55 0.37989497
374 134 0.37998885
355 70 0.38017333
243 105 0.38132995
194 134 0.38238648
309 69 0.38304943
10 143 0.38320968
156 55 0.38345948
146 125 0.38347906
337 41 0.38355976
147 130 0.38378817
139 69 0.38428715
243 52 0.38430175
309 49 0.38443446
225 71 0.3844521
141 49 0.38483682
112 70 0.38538158
147 59 0.38547218
155 50 0.38570052
284 70 0.38576722
80 74 0.38600284
72 51 0.3864665
336 142 0.3867185
101 60 0.38691795
206 40 0.38710624
77 49 0.38715425
257 60 0.38747528
73 70 0.38753644
147 123 0.38782233
147 119 0.38804078
306 69 0.38885778
382 94 0.38894105
222 51 0.38907582
112 55 0.38959807
222 61 0.39047638
229 93 0.39139846
225 52 0.39171907
257 134 0.39174706
74 128 0.39185703
148 88 0.39199045
111 40 0.39212516
110 117 0.39301652
10 114 0.3934312
8 43 0.39396793
102 56 0.3940109
84 145 0.39464784
310 90 0.39525926
175 108 0.39531153
209 62 0.39545858
83 39 0.39552182
222 93 0.3960766
178 99 0.39642215
368 108 0.39711574
232 125 0.39714676
355 142 0.3972748
223 126 0.39774317
121 90 0.3978708
72 40 0.39933816
225 100 0.39951825
230 71 0.3995971
110 111 0.39966643
378 135 0.39993384
387 69 0.40027732
340 90 0.40034187
122 68 0.40037277
385 40 0.4004595
229 45 0.4006083
134 138 0.4008519
15 41 0.4009241
122 45 0.40101248
144 129 0.40117568
327 135 0.4016928
149 128 0.40169364
373 60 0.40170047
362 131 0.40191907
170 90 0.40203652
153 70 0.4022204
232 54 0.40254715
74 129 0.4025569
230 55 0.4027028
122 93 0.4031694
191 100 0.40374804
222 50 0.40418804
229 133 0.40453836
72 49 0.40502205
8 46 0.40510097
101 45 0.4052356
332 135 0.40586686
142 142 0.40658063
387 41 0.40668017
167 69 0.4067246
379 69 0.40723544
148 42 0.40724444
309 54 0.40744412
225 90 0.40756392
248 41 0.40763652
382 89 0.40775058
164 124 0.4077522
211 42 0.4081847
254 60 0.40852657
387 91 0.40899503
254 41 0.40958315
222 62 0.40976292
382 58 0.41036633
73 68 0.41050744
311 70 0.4119094
75 39 0.4119843
232 60 0.41231224
231 52 0.41328213
382 107 0.41336244
387 51 0.41385484
382 53 0.41430974
225 105 0.41446927
386 50 0.41459143
148 123 0.41497284
377 128 0.41507024
222 75 0.41565275
247 105 0.41566008
229 47 0.4163773
225 73 0.41655743
247 126 0.4166253
332 142 0.41700727
243 56 0.41730076
308 57 0.41741022
370 40 0.4174121
193 129 0.41795954
73 91 0.41876194
226 131 0.41891646
148 124 0.42004454
382 92 0.42007142
379 99 0.4200991
382 126 0.4203241
198 41 0.42139646
75 50 0.42174608
79 99 0.42180264
115 60 0.42213595
72 104 0.4223454
153 125 0.42267057
382 124 0.42270908
386 128 0.42314523
226 57 0.4232914
225 51 0.42361066
141 51 0.42368117
207 90 0.42460433
210 60 0.42552805
154 134 0.42579773
386 71 0.42584142
103 73 0.42587566
285 138 0.42667073
246 41 0.4267161
232 102 0.4268532
110 59 0.42698085
222 54 0.42775667
142 145 0.42826164
75 105 0.42826462
363 41 0.42832252
221 43 0.42850116
103 103 0.42852828
102 70 0.42879286
151 60 0.4292733
209 90 0.43067932
178 90 0.43069023
8 110 0.430775
283 52 0.43083382
174 43 0.43166757
386 99 0.43252784
197 79 0.43311167
208 45 0.4334845
148 93 0.4336636
102 42 0.43367878
83 40 0.4338586
163 60 0.43391114
386 142 0.43442267
110 73 0.43523136
224 99 0.43543848
223 119 0.4358003
244 105 0.4359027
152 74 0.43706787
229 91 0.43779147
356 138 0.43798006
112 145 0.43815005
72 98 0.43855444
102 74 0.43864858
115 52 0.43894672
72 99 0.43898648
75 100 0.43934262
315 138 0.43967944
225 134 0.43996567
142 138 0.44012487
74 50 0.44054282
382 54 0.44131216
244 56 0.44138592
232 101 0.44226664
375 49 0.44238913
73 90 0.4427151
121 46 0.4427641
148 71 0.44316894
374 56 0.44323185
254 55 0.44337025
213 90 0.44355989
306 99 0.4436605
95 145 0.44406945
122 56 0.44434428
148 102 0.44555
340 91 0.44586992
268 40 0.44600528
250 93 0.4462516
178 105 0.4466169
369 40 0.4469794
76 41 0.44778365
175 41 0.4481121
112 105 0.44863954
110 60 0.44887722
374 45 0.44971108
147 98 0.45037207
230 99 0.4512884
72 41 0.45147228
258 41 0.4521479
309 53 0.45232493
237 41 0.45259243
227 104 0.45332044
72 57 0.45375115
308 69 0.453968
214 40 0.45436448
285 91 0.45448023
143 49 0.45448273
208 50 0.45456904
222 130 0.4550551
110 118 0.45549834
362 102 0.4557264
192 99 0.45608062
116 52 0.45618004
77 50 0.4568666
386 69 0.45689058
382 133 0.45734072
377 49 0.45827755
110 49 0.45893067
106 41 0.4607097
144 90 0.46121097
83 99 0.46227887
15 40 0.46264392
75 90 0.462709
340 40 0.46298024
73 101 0.46315444
177 75 0.46320713
122 142 0.4636132
110 55 0.4638849
222 56 0.4642437
119 49 0.46665227
212 104 0.46679592
112 41 0.4671541
224 60 0.46737212
386 41 0.4678775
289 42 0.4680331
244 90 0.4682091
150 60 0.46841806
368 39 0.46930754
208 73 0.46970034
329 41 0.46977562
313 99 0.47070578
147 131 0.47081876
253 57 0.47124448
386 39 0.4720118
223 137 0.4727807
227 39 0.47299272
144 41 0.47354966
73 105 0.47403818
83 60 0.47443756
175 56 0.47482097
122 103 0.47503683
223 100 0.47553712
122 70 0.47633323
155 49 0.47645974
308 49 0.47647792
253 46 0.47654134
152 98 0.47660255
221 103 0.4766302
327 101 0.47690648
361 103 0.47701016
75 71 0.47748864
147 94 0.47807196
147 55 0.4784023
165 39 0.47914177
368 107 0.4793958
209 71 0.48025125
232 98 0.48037177
387 39 0.48093998
225 45 0.48291287
10 117 0.48347557
222 57 0.48492837
148 104 0.4857457
155 52 0.48578554
387 47 0.48590457
223 57 0.4874004
178 131 0.4875623
165 69 0.488441
74 40 0.48848566
228 40 0.48867568
95 41 0.49023217
227 43 0.4910276
232 74 0.49108082
386 93 0.49144816
193 69 0.49181408
214 73 0.49182677
224 70 0.49296892
102 41 0.49354148
147 122 0.49461895
157 93 0.49473935
244 71 0.495169
224 39 0.49561992
375 41 0.49600366
147 103 0.49729815
374 46 0.49732852
361 45 0.4973626
226 49 0.49758142
308 99 0.49769863
74 98 0.4987445
76 52 0.4989871
175 90 0.4989974
223 62 0.5002121
361 99 0.5004389
146 60 0.50073886
76 50 0.50091505
105 42 0.50121367
222 103 0.5020023
376 131 0.5026433
373 42 0.5029909
146 50 0.50303376
130 45 0.5033957
192 69 0.5034909
225 104 0.50417024
167 128 0.5044992
225 125 0.5045198
149 51 0.50476575
73 125 0.50506777
339 71 0.50708914
382 109 0.50740826
373 51 0.507508
77 39 0.5079232
351 39 0.50844055
298 99 0.50929224
232 50 0.5094726
222 63 0.5095738
271 51 0.5097478
234 70 0.51031065
75 126 0.51129174
230 52 0.51147014
382 108 0.5121513
309 51 0.5127647
382 122 0.5135902
155 53 0.5139191
230 51 0.5148107
253 55 0.51538086
110 129 0.51577395
84 100 0.51741725
382 46 0.51758236
79 41 0.51770115
382 131 0.5180151
110 116 0.518072
142 128 0.5182004
142 49 0.51875067
384 70 0.5189949
361 125 0.5192741
225 69 0.5194599
83 43 0.51963305
191 69 0.52047914
143 50 0.52105635
361 137 0.5213323
373 52 0.5225578
225 49 0.52375245
148 48 0.5240213
112 56 0.5240445
283 39 0.5254593
223 43 0.52558744
177 74 0.52592385
152 62 0.52623177
152 54 0.5264602
386 49 0.5268536
229 40 0.5268665
192 74 0.5272887
110 69 0.5274166
145 50 0.5277939
382 93 0.5279711
368 43 0.52800745
367 41 0.5285333
111 41 0.5290065
209 46 0.52945065
368 41 0.52945834
122 117 0.529534
116 99 0.53110635
146 99 0.53241813
178 69 0.5337079
110 143 0.53414404
376 69 0.534677
225 91 0.5347124
374 69 0.5349587
382 61 0.5349624
387 90 0.53531784
213 99 0.5353733
223 120 0.5393725
125 41 0.5396681
332 117 0.54000825
212 119 0.5413513
386 100 0.5429594
113 40 0.54301584
180 41 0.54384863
290 40 0.5441357
331 41 0.54421216
150 52 0.5454744
225 57 0.5482148
356 107 0.5483208
73 129 0.54862905
212 42 0.5489132
227 99 0.54922503
197 143 0.5496448
157 49 0.5518315
159 49 0.55352974
152 48 0.55391264
382 127 0.5540513
361 142 0.554906
75 128 0.5549284
142 52 0.5550948
10 98 0.555567
279 60 0.5556139
154 49 0.55572486
268 41 0.5557983
229 129 0.5571991
151 129 0.55773616
181 39 0.5596607
387 128 0.55968153
173 60 0.560277
309 62 0.56076765
366 60 0.56166667
156 50 0.564242
330 41 0.5645343
232 51 0.56494725
110 79 0.5649789
213 100 0.56581235
265 39 0.56647754
73 104 0.566561
222 90 0.56760746
118 45 0.5682351
387 40 0.5688252
340 105 0.57017505
10 90 0.5703186
382 76 0.5707923
110 96 0.5710078
208 70 0.5723001
90 69 0.5725582
191 98 0.5727073
257 125 0.5727411
75 51 0.5728575
284 50 0.573784
147 54 0.57396805
148 56 0.57467467
154 50 0.5747912
180 40 0.57552904
75 58 0.575565
73 98 0.5764602
192 128 0.5767364
122 46 0.5770463
224 105 0.5773464
156 52 0.5776707
148 62 0.57824016
387 99 0.5782521
225 99 0.5789758
192 126 0.58019936
162 50 0.58024716
382 123 0.5804306
238 41 0.5805125
152 45 0.58102655
254 69 0.58267707
228 39 0.58314
225 60 0.5831469
152 125 0.58320117
147 145 0.583293
226 40 0.58371526
129 41 0.58380044
157 52 0.58435404
84 41 0.58617944
75 104 0.58674467
69 40 0.5868132
382 56 0.5872744
229 128 0.58742166
194 49 0.58994925
229 46 0.5909567
158 50 0.5910036
103 142 0.59175783
73 100 0.59235847
177 145 0.5927669
229 52 0.59366286
148 131 0.59391046
382 102 0.59538794
157 41 0.5961849
223 125 0.59716916
382 42 0.59723306
83 93 0.5980707
213 40 0.59975153
223 69 0.6000561
206 98 0.6002933
177 69 0.6004375
141 69 0.6008855
112 99 0.60096884
121 69 0.6013542
148 108 0.602103
223 97 0.60241485
232 53 0.60287637
75 56 0.60298085
152 70 0.6036643
232 49 0.6049754
337 73 0.60509235
156 57 0.60684234
110 70 0.6077435
382 57 0.6077452
115 99 0.60808796
309 55 0.6084266
382 67 0.608538
151 49 0.6102154
153 69 0.6112166
362 142 0.61156
152 90 0.6122219
223 49 0.61327875
73 52 0.61344016
382 45 0.61445284
374 142 0.6157825
115 51 0.6170397
191 108 0.61792195
73 42 0.61853576
75 55 0.6188549
75 101 0.61923677
222 141 0.620258
332 134 0.62139225
309 52 0.6214256
382 142 0.6215337
223 134 0.6225787
148 47 0.6249011
284 45 0.62577045
225 70 0.62597585
222 135 0.6275585
191 91 0.6280547
11 40 0.62818706
257 41 0.628366
361 134 0.6287045
197 39 0.6289861
101 56 0.62974143
148 142 0.6298687
84 99 0.63038254
73 49 0.63126314
382 128 0.6314388
72 39 0.6315998
222 138 0.63170505
382 117 0.63209975
112 142 0.63233197
382 129 0.63262993
165 99 0.63360083
152 128 0.634094
256 41 0.6348678
164 49 0.6354344
165 49 0.63619107
232 52 0.63696694
144 60 0.63718975
75 98 0.6378721
73 41 0.6379714
387 98 0.63908386
151 51 0.6403159
223 70 0.6418151
211 99 0.6465129
147 40 0.64702606
81 41 0.6489258
9 40 0.64955187
332 139 0.65040904
224 46 0.6511663
83 73 0.6523881
75 52 0.6524701
374 99 0.6525063
73 69 0.6527919
382 48 0.6529744
14 41 0.6531786
224 98 0.65350634
102 138 0.6537452
147 39 0.65433043
229 41 0.6549927
222 102 0.6552634
223 74 0.6553437
175 70 0.6563372
80 99 0.656799
110 133 0.65755475
96 41 0.6577799
147 70 0.65800244
110 131 0.65869844
110 142 0.65962887
225 41 0.66230893
313 41 0.6637776
147 126 0.6648718
228 41 0.66489184
362 99 0.66529536
150 50 0.665789
150 51 0.6668865
75 129 0.6672665
154 69 0.6675471
227 42 0.66837263
222 97 0.6692033
230 69 0.6700401
387 144 0.6713327
222 43 0.67191064
223 73 0.67219913
374 70 0.67259115
229 49 0.6737997
234 69 0.6744096
181 40 0.6764144
225 128 0.67666286
77 56 0.6775528
7 39 0.678023
248 129 0.678906
124 41 0.679247
386 91 0.6796882
75 125 0.6802463
149 129 0.6818667
73 50 0.6831255
225 135 0.68356156
229 50 0.6839191
161 49 0.68707836
289 41 0.6876542
265 41 0.6884262
148 55 0.6887919
151 52 0.6898782
212 116 0.68991035
197 145 0.69013697
227 40 0.6913186
122 55 0.6919944
153 129 0.692623
144 125 0.6931561
147 61 0.6956316
110 128 0.6957571
227 60 0.69704413
387 52 0.6972097
11 41 0.6982796
222 71 0.69874334
152 41 0.698902
382 141 0.6989522
117 51 0.6994846
332 41 0.6995667
374 135 0.6996863
229 60 0.70038915
268 39 0.7010379
192 90 0.70127
73 62 0.70176685
382 62 0.7021328
148 96 0.7028407
110 108 0.70347035
382 87 0.7040173
75 142 0.7049203
10 112 0.7052361
247 60 0.7073231
223 102 0.70822036
8 40 0.7096912
181 41 0.7097831
110 78 0.709813
122 99 0.71159923
382 144 0.71283555
74 69 0.7129904
148 145 0.71476924
75 49 0.7149775
69 41 0.7158678
73 60 0.71593
147 69 0.7170775
222 104 0.7176985
75 40 0.7181231
228 60 0.71821326
386 40 0.7182492
10 91 0.71861184
147 127 0.71862936
177 71 0.719547
223 106 0.7200414
382 39 0.72193253
73 72 0.7225166
247 128 0.7226267
209 41 0.724852
223 52 0.7250678
152 52 0.72530234
7 42 0.72546977
309 70 0.72587425
10 39 0.72659695
73 128 0.726741
222 70 0.72787327
10 45 0.72843766
148 100 0.7292205
213 42 0.72973526
362 46 0.7297903
222 45 0.73014796
229 69 0.7304889
76 49 0.7305028
254 57 0.7307263
225 138 0.73117924
327 119 0.733237
382 55 0.7334868
77 71 0.73376596
339 42 0.7343897
128 99 0.73452395
122 91 0.735105
73 51 0.7357074
110 74 0.7358011
315 39 0.7366336
149 49 0.7381507
124 99 0.73928785
153 50 0.73954624
271 46 0.7399989
112 69 0.74036384
374 42 0.7407111
148 130 0.7410315
110 90 0.7415705
75 96 0.74447745
147 46 0.7445127
222 99 0.74569064
110 91 0.74605894
382 50 0.74693346
174 41 0.74828374
112 143 0.7483616
147 125 0.7507272
147 47 0.7513122
207 41 0.75162256
222 100 0.75178283
234 142 0.7533285
8 39 0.7535234
315 41 0.7536304
371 41 0.754521
145 49 0.7546098
10 134 0.7554356
148 98 0.7555348
223 94 0.75562125
264 41 0.7569345
222 60 0.7571013
110 41 0.75762606
382 66 0.75879323
148 90 0.7595898
382 75 0.76077044
214 60 0.76093984
382 49 0.76449054
382 68 0.76673776
147 51 0.7669064
192 105 0.76701653
75 60 0.76717794
221 79 0.7679317
243 41 0.76904106
387 49 0.76941806
206 41 0.77158296
150 49 0.7719257
102 45 0.77213633
73 40 0.7756045
223 99 0.7778897
386 145 0.7782931
75 91 0.7784399
147 99 0.77900493
309 90 0.77965367
73 39 0.7797278
230 128 0.7799896
152 129 0.780555
222 72 0.7806058
309 99 0.78163207
10 42 0.7817185
232 93 0.78245574
257 46 0.78653514
242 41 0.7868452
149 52 0.7874711
110 43 0.78787607
147 43 0.7881571
152 69 0.78822666
225 40 0.7886503
223 93 0.7888441
148 70 0.7895256
223 60 0.78964025
73 99 0.7915163
315 134 0.79398185
164 125 0.7958336
224 40 0.7970331
382 40 0.7980152
122 41 0.79873556
315 135 0.800073
165 41 0.8010725
192 60 0.8022725
110 42 0.80229723
148 54 0.8029243
327 74 0.8032435
74 49 0.80344814
308 55 0.80369604
308 51 0.80399114
148 68 0.80443174
9 39 0.80487007
373 41 0.80527663
209 69 0.8054725
192 125 0.80600744
382 95 0.80625796
382 101 0.8063347
85 41 0.8064934
222 91 0.8070736
79 60 0.80746543
153 55 0.8078676
226 60 0.8082026
232 70 0.8090373
152 55 0.8096052
382 96 0.8097936
232 99 0.81045836
222 137 0.8115529
148 126 0.8130143
10 99 0.8132707
191 99 0.81348884
339 41 0.8135289
215 41 0.81423616
222 98 0.8151579
223 45 0.8182485
309 56 0.8193634
361 52 0.81972754
148 127 0.8202305
90 41 0.82026255
215 40 0.8213989
122 90 0.82278
374 41 0.8237773
382 90 0.8250413
211 41 0.8255037
308 52 0.8257932
142 69 0.82622397
110 40 0.82625943
222 101 0.8264401
382 105 0.82646227
122 59 0.82688075
83 41 0.82805717
148 91 0.8286216
382 47 0.8298339
153 49 0.8298843
192 68 0.8303914
382 98 0.8308052
222 53 0.83159006
122 69 0.83223563
153 51 0.83225596
212 40 0.8327083
10 105 0.8333663
382 43 0.8343228
382 125 0.8353945
229 51 0.83736396
339 105 0.8390476
73 57 0.83991677
148 89 0.8415354
102 131 0.8421432
144 50 0.8429419
103 69 0.84342647
223 71 0.8461133
382 143 0.8461783
281 41 0.8480973
223 53 0.8495252
75 69 0.8495739
223 39 0.84972394
153 52 0.8502313
382 97 0.850592
386 90 0.85060304
152 49 0.85076827
215 39 0.85117525
7 41 0.8514964
263 41 0.8517158
224 90 0.8520551
156 41 0.8531869
370 41 0.8554043
266 40 0.85587895
110 135 0.8560333
148 57 0.85700786
382 104 0.8570303
223 72 0.8571808
103 99 0.85778415
213 41 0.8583448
73 58 0.85961485
387 71 0.8605366
369 41 0.8612484
308 60 0.8632159
77 41 0.8643273
152 60 0.8644626
361 69 0.86459315
309 60 0.864692
7 40 0.86558366
146 49 0.8667307
156 56 0.8676319
244 41 0.86860263
148 39 0.8688352
223 104 0.869164
227 41 0.8711401
149 50 0.8713369
208 41 0.87178695
229 145 0.8717954
265 40 0.87322813
152 99 0.87365735
148 43 0.87372494
148 125 0.87851405
382 70 0.87881523
148 101 0.8813956
340 41 0.8818244
174 60 0.88565695
382 52 0.8880999
75 70 0.89184964
222 69 0.8924041
178 70 0.89267635
147 48 0.89634234
232 69 0.89823246
382 99 0.8985419
327 41 0.9004928
332 137 0.9010384
147 53 0.90118575
382 71 0.90221167
148 41 0.9066741
382 60 0.9100926
72 60 0.9137794
10 40 0.9142339
9 41 0.91446507
222 42 0.9171206
382 41 0.91745824
224 41 0.9188932
382 145 0.9197048
115 128 0.9205836
355 138 0.92233145
122 60 0.9232104
156 99 0.92358327
221 42 0.9236694
222 105 0.92386836
382 69 0.92437243
148 40 0.92453045
192 129 0.92497265
225 62 0.9252565
76 60 0.92714965
223 91 0.9287122
110 98 0.93064487
148 45 0.9333703
147 41 0.9369279
221 39 0.9389924
8 42 0.93920135
148 53 0.9395232
147 52 0.94026554
156 49 0.94053066
148 69 0.9409092
382 100 0.9409517
10 141 0.9420142
382 51 0.94275546
223 98 0.94278485
387 145 0.94624066
10 41 0.9499358
110 46 0.9527749
8 41 0.95305157
266 39 0.95350975
226 41 0.9535177
148 51 0.95354545
74 99 0.9552664
152 51 0.9557218
147 129 0.95828664
10 142 0.9593699
110 99 0.9624167
223 101 0.96245986
148 99 0.96360934
212 41 0.96589303
266 41 0.9666324
156 60 0.96740276
77 60 0.9674467
148 60 0.9680507
110 134 0.9682672
223 90 0.9716016
75 99 0.9733066
152 50 0.9753839
147 50 0.97639257
361 138 0.9780282
148 46 0.9788319
148 50 0.98210293
148 52 0.9821662
148 129 0.9827128
147 128 0.98296285
223 41 0.983657
148 49 0.98398393
144 49 0.98488367
223 40 0.98672795
382 91 0.9874533
147 49 0.98755133
147 60 0.98809135
223 105 0.9897462
221 40 0.98988616
222 39 0.9912734
332 138 0.99181175
222 40 0.9922096
148 128 0.99548304
221 41 0.9958979
222 41 0.99765265
