106 73 0.100006
377 123 0.100016
162 138 0.100031
366 56 0.100040
194 91 0.100043
366 59 0.100046
11 98 0.100065
256 69 0.100066
221 54 0.100078
153 49 0.100085
194 96 0.100104
339 133 0.100107
228 108 0.100109
99 129 0.100155
332 117 0.100162
192 56 0.100167
142 70 0.100187
238 107 0.100196
154 48 0.100210
15 127 0.100221
102 131 0.100227
257 48 0.100230
228 128 0.100242
234 48 0.100252
315 141 0.100252
74 92 0.100272
85 128 0.100308
372 64 0.100324
14 45 0.100338
167 89 0.100360
152 128 0.100363
20 103 0.100372
158 99 0.100384
243 76 0.100419
378 105 0.100419
311 51 0.100421
102 99 0.100435
165 92 0.100439
146 129 0.100444
236 61 0.100448
385 124 0.100456
344 109 0.100468
241 92 0.100476
381 124 0.100485
17 119 0.100496
106 99 0.100518
382 117 0.100519
307 103 0.100528
193 129 0.100530
73 57 0.100531
349 42 0.100536
89 129 0.100539
362 135 0.100568
387 109 0.100576
367 97 0.100579
162 128 0.100586
360 128 0.100587
87 86 0.100588
257 70 0.100618
12 89 0.100625
222 51 0.100636
17 109 0.100649
75 99 0.100669
169 89 0.100671
110 135 0.100673
169 69 0.100680
117 46 0.100684
227 78 0.100688
213 76 0.100694
91 89 0.100703
20 133 0.100705
165 107 0.100741
382 56 0.100742
159 96 0.100745
152 62 0.100753
186 50 0.100762
305 49 0.100770
191 130 0.100786
224 104 0.100786
109 99 0.100791
91 51 0.100795
374 51 0.100796
257 112 0.100798
161 57 0.100804
246 53 0.100821
384 126 0.100832
249 128 0.100841
66 107 0.100854
233 138 0.100862
94 96 0.100864
251 48 0.100869
77 107 0.100882
146 51 0.100892
233 62 0.100912
90 106 0.100916
190 53 0.100928
75 54 0.100941
226 112 0.100971
153 57 0.100973
15 142 0.100976
225 54 0.100977
190 99 0.100988
187 129 0.100994
336 138 0.101000
209 96 0.101048
384 129 0.101049
274 129 0.101059
166 73 0.101071
237 93 0.101084
150 95 0.101094
370 107 0.101104
155 59 0.101106
158 57 0.101109
345 63 0.101125
10 54 0.101129
223 61 0.101132
119 46 0.101154
272 102 0.101164
305 60 0.101183
360 52 0.101190
156 87 0.101222
69 56 0.101236
85 86 0.101243
248 52 0.101272
74 64 0.101291
340 134 0.101303
377 70 0.101311
305 58 0.101317
188 129 0.101335
158 92 0.101338
366 107 0.101347
70 130 0.101359
14 141 0.101368
194 54 0.101369
243 129 0.101383
295 142 0.101388
133 70 0.101390
99 96 0.101398
76 106 0.101433
377 119 0.101433
232 70 0.101436
235 48 0.101438
173 46 0.101441
200 103 0.101450
14 63 0.101474
74 114 0.101498
15 55 0.101529
110 92 0.101542
241 58 0.101561
69 108 0.101574
89 93 0.101603
362 58 0.101614
226 129 0.101622
196 53 0.101629
364 94 0.101630
236 96 0.101631
14 86 0.101632
151 69 0.101641
269 45 0.101641
243 60 0.101643
72 130 0.101665
191 53 0.101669
81 46 0.101675
161 93 0.101676
367 47 0.101678
138 131 0.101678
239 130 0.101680
213 78 0.101689
74 131 0.101714
240 61 0.101724
80 49 0.101743
366 47 0.101788
375 109 0.101797
237 87 0.101799
352 142 0.101824
117 70 0.101834
302 52 0.101837
152 131 0.101840
78 55 0.101856
339 45 0.101862
155 94 0.101866
381 99 0.101866
73 132 0.101877
91 111 0.101878
19 60 0.101890
301 102 0.101899
157 58 0.101906
229 112 0.101924
10 63 0.101931
227 130 0.101944
169 53 0.101948
110 74 0.101949
215 97 0.101970
162 103 0.101982
167 129 0.101985
384 78 0.101988
242 64 0.101991
359 69 0.101991
304 53 0.102013
382 46 0.102019
374 69 0.102025
165 73 0.102028
260 112 0.102049
13 76 0.102052
191 91 0.102062
17 63 0.102115
20 127 0.102119
382 128 0.102142
308 129 0.102161
109 130 0.102172
227 67 0.102223
270 107 0.102232
386 99 0.102239
228 88 0.102259
137 73 0.102268
364 105 0.102289
385 87 0.102293
312 49 0.102294
299 91 0.102327
235 90 0.102355
166 129 0.102360
166 128 0.102375
387 41 0.102390
224 58 0.102394
364 61 0.102408
76 53 0.102420
133 66 0.102435
211 80 0.102449
14 87 0.102489
273 48 0.102491
243 107 0.102528
67 49 0.102533
385 60 0.102557
79 44 0.102578
156 53 0.102587
365 73 0.102598
82 107 0.102601
191 100 0.102617
164 96 0.102620
71 55 0.102622
192 93 0.102652
15 77 0.102656
150 58 0.102666
15 96 0.102684
79 48 0.102695
71 50 0.102726
358 128 0.102730
74 60 0.102731
134 73 0.102731
223 97 0.102741
361 107 0.102753
157 59 0.102775
72 59 0.102783
315 134 0.102790
254 69 0.102796
365 99 0.102803
186 70 0.102834
153 103 0.102836
116 128 0.102842
240 129 0.102872
168 48 0.102908
165 93 0.102924
11 54 0.102929
149 57 0.103000
297 74 0.103010
238 61 0.103011
345 74 0.103013
385 102 0.103048
17 123 0.103051
158 96 0.103055
12 66 0.103062
118 138 0.103065
211 64 0.103120
226 90 0.103123
345 134 0.103131
299 103 0.103137
200 107 0.103141
94 49 0.103145
385 91 0.103148
18 53 0.103156
189 57 0.103156
268 47 0.103158
295 42 0.103206
15 128 0.103211
365 63 0.103215
307 62 0.103255
226 66 0.103272
386 115 0.103279
10 116 0.103279
239 49 0.103280
375 53 0.103287
225 125 0.103321
225 108 0.103346
365 47 0.103346
88 129 0.103364
166 131 0.103401
384 120 0.103416
66 59 0.103417
20 78 0.103456
192 49 0.103485
229 93 0.103487
160 128 0.103530
93 90 0.103536
10 70 0.103562
239 129 0.103566
225 135 0.103618
160 96 0.103649
190 88 0.103667
67 64 0.103668
224 129 0.103672
81 51 0.103685
121 46 0.103691
229 129 0.103710
67 97 0.103723
377 50 0.103744
150 66 0.103747
225 91 0.103754
363 129 0.103755
353 142 0.103765
118 50 0.103771
83 43 0.103774
155 49 0.103776
164 54 0.103792
242 58 0.103795
356 106 0.103795
114 107 0.103801
382 67 0.103817
83 96 0.103882
11 71 0.103886
75 61 0.103891
87 51 0.103894
68 55 0.103896
359 63 0.103938
349 45 0.103944
240 76 0.104007
140 129 0.104024
69 60 0.104030
167 90 0.104035
364 138 0.104045
384 125 0.104057
194 129 0.104069
351 70 0.104095
221 78 0.104103
10 96 0.104105
158 129 0.104106
95 96 0.104141
85 52 0.104153
363 110 0.104168
82 50 0.104189
361 142 0.104193
189 52 0.104194
113 129 0.104196
18 123 0.104232
162 53 0.104255
73 96 0.104305
76 111 0.104328
254 47 0.104357
339 70 0.104364
222 100 0.104377
231 62 0.104417
74 47 0.104486
162 55 0.104488
378 128 0.104495
241 95 0.104512
367 64 0.104552
133 131 0.104586
158 128 0.104587
232 93 0.104588
383 142 0.104603
385 75 0.104641
16 76 0.104679
244 62 0.104716
111 50 0.104717
90 99 0.104718
257 90 0.104727
242 96 0.104738
20 77 0.104752
74 110 0.104761
149 53 0.104777
228 67 0.104792
159 52 0.104831
310 70 0.104836
75 56 0.104848
190 131 0.104871
291 131 0.104882
362 61 0.104882
164 50 0.104884
19 109 0.104885
109 137 0.104887
166 103 0.104892
269 113 0.104899
186 73 0.104900
10 79 0.104923
222 64 0.104936
193 51 0.104961
236 88 0.105001
222 75 0.105042
310 69 0.105054
144 129 0.105074
228 68 0.105078
233 134 0.105087
155 55 0.105090
80 96 0.105098
87 128 0.105120
215 76 0.105128
14 91 0.105158
240 94 0.105161
242 50 0.105163
374 142 0.105172
226 130 0.105181
162 52 0.105215
221 53 0.105220
242 129 0.105220
112 103 0.105230
77 112 0.105233
361 111 0.105242
15 75 0.105255
222 52 0.105258
105 74 0.105258
75 110 0.105295
20 129 0.105298
193 91 0.105301
384 128 0.105306
271 102 0.105314
71 128 0.105321
303 96 0.105321
15 119 0.105324
353 138 0.105332
297 111 0.105335
110 130 0.105341
226 58 0.105345
349 134 0.105345
158 53 0.105361
89 96 0.105371
370 51 0.105375
16 77 0.105379
352 45 0.105404
150 89 0.105425
309 49 0.105431
81 49 0.105441
163 50 0.105453
235 103 0.105453
380 76 0.105455
156 94 0.105461
229 109 0.105465
374 113 0.105470
66 130 0.105485
91 93 0.105487
18 90 0.105533
17 120 0.105537
297 105 0.105538
184 138 0.105548
385 120 0.105548
363 111 0.105550
226 104 0.105555
92 129 0.105555
306 61 0.105570
102 73 0.105586
385 41 0.105588
368 88 0.105615
356 66 0.105639
229 74 0.105643
11 123 0.105656
17 127 0.105661
235 62 0.105677
243 54 0.105700
222 49 0.105713
229 110 0.105723
224 72 0.105727
226 128 0.105778
70 56 0.105780
70 108 0.105795
238 49 0.105798
71 129 0.105819
384 77 0.105833
18 65 0.105855
154 134 0.105859
245 61 0.105862
247 53 0.105868
368 54 0.105874
106 131 0.105876
308 103 0.105893
75 114 0.105899
68 108 0.105905
311 131 0.105907
250 125 0.105911
152 56 0.105915
66 100 0.105918
308 99 0.105919
386 102 0.105943
368 87 0.105952
245 53 0.105975
194 92 0.105976
224 97 0.105988
241 129 0.106001
200 96 0.106010
19 54 0.106026
68 59 0.106032
385 78 0.106032
14 108 0.106047
312 47 0.106072
89 88 0.106095
112 130 0.106165
155 53 0.106168
215 78 0.106175
361 113 0.106186
235 129 0.106200
256 111 0.106204
164 129 0.106226
303 93 0.106237
223 90 0.106238
83 53 0.106246
20 72 0.106252
67 132 0.106259
20 105 0.106260
15 122 0.106263
134 50 0.106264
152 103 0.106271
233 93 0.106280
16 114 0.106300
335 128 0.106315
386 47 0.106317
15 137 0.106348
311 70 0.106383
88 91 0.106394
67 130 0.106412
352 63 0.106422
80 51 0.106426
227 142 0.106437
297 128 0.106448
365 61 0.106462
241 62 0.106475
201 128 0.106497
73 94 0.106506
118 70 0.106509
19 78 0.106527
380 123 0.106535
10 45 0.106537
15 110 0.106555
17 74 0.106561
14 75 0.106565
250 49 0.106569
385 96 0.106577
241 55 0.106593
240 96 0.106645
152 134 0.106698
112 51 0.106724
312 129 0.106729
384 42 0.106734
241 76 0.106751
11 91 0.106761
356 142 0.106781
14 105 0.106799
69 59 0.106810
92 95 0.106874
94 94 0.106876
272 53 0.106879
11 107 0.106899
352 69 0.106912
221 114 0.106920
194 51 0.106922
364 63 0.106928
353 46 0.106931
18 64 0.106941
169 52 0.106951
20 98 0.106952
377 125 0.106970
157 53 0.106973
72 57 0.106996
17 81 0.107040
83 128 0.107060
118 134 0.107069
304 61 0.107078
66 113 0.107095
11 45 0.107097
112 50 0.107114
121 48 0.107117
20 130 0.107136
170 138 0.107138
17 116 0.107141
161 49 0.107173
311 129 0.107184
109 74 0.107229
229 51 0.107253
242 53 0.107263
238 129 0.107265
386 57 0.107279
382 42 0.107279
81 47 0.107281
253 102 0.107283
15 103 0.107283
15 98 0.107323
315 50 0.107324
382 65 0.107330
105 128 0.107341
151 53 0.107350
360 129 0.107367
230 94 0.107374
20 65 0.107380
225 126 0.107392
19 110 0.107423
223 129 0.107446
109 53 0.107486
76 96 0.107488
380 126 0.107506
297 137 0.107545
215 96 0.107606
168 52 0.107630
242 93 0.107642
360 58 0.107674
335 116 0.107729
105 69 0.107745
336 73 0.107758
379 111 0.107766
381 69 0.107778
67 104 0.107829
10 75 0.107832
66 90 0.107843
377 111 0.107860
274 46 0.107864
224 56 0.107876
222 77 0.107890
168 49 0.107896
240 50 0.107926
11 80 0.107965
362 113 0.107974
137 142 0.107977
66 89 0.107995
311 69 0.108022
148 129 0.108026
97 107 0.108035
156 96 0.108040
367 110 0.108055
75 89 0.108085
239 95 0.108086
190 57 0.108095
76 103 0.108100
364 70 0.108105
18 56 0.108170
19 53 0.108216
68 109 0.108222
353 45 0.108224
102 135 0.108250
148 107 0.108252
345 141 0.108292
123 51 0.108324
364 131 0.108327
106 135 0.108330
229 128 0.108353
381 112 0.108376
349 63 0.108379
71 96 0.108406
382 45 0.108415
74 58 0.108420
355 69 0.108433
223 73 0.108496
267 114 0.108542
142 129 0.108551
18 54 0.108552
117 128 0.108558
377 66 0.108564
385 107 0.108572
299 111 0.108576
386 105 0.108583
374 129 0.108599
190 89 0.108604
386 39 0.108629
228 130 0.108630
157 94 0.108636
299 131 0.108638
253 69 0.108674
14 122 0.108683
256 45 0.108701
164 128 0.108728
310 73 0.108732
335 137 0.108736
386 135 0.108776
112 74 0.108807
145 51 0.108807
15 66 0.108809
14 98 0.108824
14 70 0.108826
186 131 0.108829
267 112 0.108838
66 128 0.108860
272 125 0.108899
192 89 0.108901
68 110 0.108903
356 73 0.108917
351 74 0.108932
14 66 0.108942
190 55 0.108953
11 63 0.108953
19 58 0.108959
365 93 0.108961
387 89 0.108971
240 53 0.108979
250 94 0.108994
315 45 0.109000
149 59 0.109001
246 61 0.109014
17 112 0.109023
360 107 0.109066
71 56 0.109096
14 88 0.109097
225 98 0.109113
349 131 0.109119
385 61 0.109157
83 44 0.109162
359 47 0.109171
157 57 0.109193
377 121 0.109200
310 50 0.109245
186 138 0.109272
235 131 0.109273
14 50 0.109296
272 126 0.109305
386 80 0.109314
223 51 0.109335
382 66 0.109380
87 52 0.109409
13 78 0.109409
312 62 0.109411
235 89 0.109417
241 63 0.109419
158 89 0.109422
249 99 0.109422
362 59 0.109433
18 80 0.109439
340 74 0.109448
215 56 0.109452
11 50 0.109477
141 131 0.109477
356 59 0.109531
152 107 0.109534
362 137 0.109567
234 94 0.109572
68 58 0.109575
365 46 0.109643
138 138 0.109645
233 48 0.109675
20 52 0.109691
349 66 0.109692
272 99 0.109702
69 52 0.109717
118 131 0.109733
224 130 0.109755
124 52 0.109760
249 103 0.109764
167 52 0.109775
10 107 0.109775
77 46 0.109798
75 139 0.109804
95 107 0.109824
134 128 0.109834
166 52 0.109835
282 145 0.109888
150 128 0.109912
80 113 0.109925
66 104 0.109968
269 109 0.109971
309 52 0.109976
385 64 0.109977
148 130 0.109981
297 44 0.110044
238 89 0.110062
355 131 0.110071
66 71 0.110074
189 55 0.110092
99 103 0.110141
272 111 0.110147
112 131 0.110194
72 54 0.110214
110 73 0.110239
155 90 0.110242
243 61 0.110243
12 78 0.110256
386 110 0.110259
237 95 0.110275
151 131 0.110288
387 79 0.110305
359 66 0.110381
165 129 0.110384
382 75 0.110392
257 103 0.110399
387 113 0.110407
361 66 0.110408
119 134 0.110408
73 104 0.110461
74 59 0.110476
106 70 0.110478
119 138 0.110480
311 99 0.110494
193 128 0.110504
241 96 0.110505
257 134 0.110508
148 96 0.110578
364 73 0.110580
152 89 0.110590
235 52 0.110595
302 93 0.110613
73 59 0.110638
20 93 0.110649
71 104 0.110668
11 108 0.110681
173 45 0.110692
345 139 0.110702
222 97 0.110708
162 73 0.110719
231 50 0.110729
272 141 0.110735
363 128 0.110759
312 46 0.110765
375 52 0.110768
307 99 0.110784
142 131 0.110807
82 96 0.110815
225 57 0.110818
121 50 0.110819
191 62 0.110821
386 58 0.110836
151 52 0.110838
71 130 0.110895
213 96 0.110911
224 108 0.110922
248 51 0.110934
66 101 0.110970
152 49 0.110989
315 69 0.111018
379 129 0.111061
237 88 0.111063
153 51 0.111066
384 114 0.111091
368 107 0.111105
141 127 0.111120
74 94 0.111134
360 133 0.111163
115 131 0.111169
306 93 0.111205
110 52 0.111223
224 44 0.111230
237 96 0.111230
155 93 0.111252
109 70 0.111274
110 70 0.111277
73 53 0.111325
83 42 0.111388
188 48 0.111391
385 127 0.111407
382 142 0.111417
74 56 0.111466
190 59 0.111473
115 103 0.111487
116 130 0.111519
164 93 0.111545
78 109 0.111565
20 80 0.111576
11 66 0.111589
384 123 0.111593
161 129 0.111618
114 51 0.111621
360 88 0.111636
225 45 0.111652
374 66 0.111660
281 52 0.111665
221 100 0.111676
383 128 0.111694
151 103 0.111701
254 50 0.111722
256 73 0.111743
249 73 0.111749
161 96 0.111783
152 55 0.111858
229 113 0.111872
157 96 0.111874
243 96 0.111914
284 51 0.111920
225 60 0.111929
83 51 0.111954
366 55 0.111957
193 89 0.112000
379 74 0.112011
242 94 0.112013
223 98 0.112015
231 138 0.112016
383 103 0.112022
249 106 0.112029
348 135 0.112036
68 52 0.112041
377 113 0.112054
366 96 0.112062
153 134 0.112079
234 73 0.112083
76 46 0.112110
105 131 0.112113
297 51 0.112128
243 63 0.112134
227 108 0.112141
72 96 0.112185
244 96 0.112196
274 62 0.112202
244 53 0.112210
360 59 0.112238
243 53 0.112259
18 109 0.112307
76 113 0.112314
66 75 0.112321
88 93 0.112336
102 70 0.112368
193 55 0.112383
113 130 0.112394
362 63 0.112403
233 99 0.112411
221 64 0.112441
355 128 0.112462
271 107 0.112470
90 112 0.112479
241 53 0.112495
151 94 0.112501
95 94 0.112502
366 87 0.112504
76 110 0.112506
310 62 0.112561
382 115 0.112576
297 48 0.112589
272 69 0.112591
106 103 0.112608
224 64 0.112639
102 102 0.112659
247 52 0.112696
157 89 0.112719
247 51 0.112719
66 51 0.112770
225 104 0.112774
365 96 0.112798
15 54 0.112843
74 89 0.112874
194 103 0.112892
71 109 0.112945
223 62 0.112957
14 127 0.112965
232 89 0.112984
251 50 0.112985
189 49 0.112989
221 97 0.112995
152 93 0.112996
382 57 0.113018
224 100 0.113036
250 92 0.113054
66 76 0.113116
225 48 0.113122
382 74 0.113142
150 53 0.113199
363 96 0.113229
74 54 0.113233
272 55 0.113237
360 89 0.113239
12 109 0.113246
190 103 0.113263
273 106 0.113312
387 116 0.113317
145 131 0.113319
144 127 0.113341
313 107 0.113354
99 107 0.113367
315 73 0.113372
311 106 0.113416
272 45 0.113434
141 51 0.113439
151 57 0.113440
225 59 0.113460
348 102 0.113467
117 129 0.113514
166 134 0.113515
75 92 0.113541
254 51 0.113548
14 110 0.113564
224 63 0.113588
376 66 0.113592
82 46 0.113696
116 129 0.113703
192 92 0.113771
234 62 0.113771
383 89 0.113771
364 93 0.113778
66 111 0.113802
229 64 0.113812
364 99 0.113839
271 129 0.113852
78 110 0.113866
223 64 0.113921
272 107 0.113925
14 69 0.113933
307 92 0.113945
246 50 0.113963
80 109 0.113996
12 114 0.113998
356 63 0.114044
281 51 0.114050
115 52 0.114058
297 89 0.114067
149 95 0.114094
385 119 0.114100
92 94 0.114109
361 98 0.114149
105 50 0.114149
110 138 0.114186
15 56 0.114193
250 93 0.114201
170 48 0.114204
382 79 0.114232
253 134 0.114251
297 90 0.114258
271 51 0.114294
365 112 0.114345
349 46 0.114351
190 49 0.114366
150 49 0.114366
156 89 0.114390
155 52 0.114451
384 119 0.114475
130 134 0.114499
249 51 0.114502
161 55 0.114550
143 128 0.114559
231 113 0.114593
211 96 0.114613
67 109 0.114625
16 78 0.114654
142 50 0.114730
193 90 0.114747
152 129 0.114748
95 45 0.114752
270 49 0.114755
243 128 0.114756
272 49 0.114760
20 51 0.114781
363 62 0.114818
67 110 0.114837
303 95 0.114842
222 63 0.114851
256 106 0.114886
105 106 0.114898
163 53 0.114919
20 92 0.114930
141 50 0.114963
380 73 0.114977
236 92 0.115035
365 62 0.115039
348 74 0.115062
161 53 0.115065
297 103 0.115085
92 50 0.115095
15 105 0.115130
214 96 0.115141
366 49 0.115152
288 134 0.115170
239 94 0.115183
158 55 0.115200
226 73 0.115207
67 96 0.115208
15 69 0.115227
339 74 0.115247
189 128 0.115277
385 67 0.115297
365 103 0.115308
195 54 0.115318
67 108 0.115318
223 52 0.115319
194 50 0.115326
92 96 0.115346
20 97 0.115355
67 107 0.115364
140 127 0.115365
134 70 0.115371
66 109 0.115393
385 80 0.115402
374 138 0.115409
385 118 0.115423
264 112 0.115469
227 110 0.115470
225 70 0.115473
141 134 0.115484
253 92 0.115487
223 75 0.115502
364 113 0.115502
230 96 0.115518
364 69 0.115524
14 79 0.115546
305 53 0.115591
226 76 0.115625
166 92 0.115668
14 77 0.115670
161 128 0.115674
67 112 0.115734
386 122 0.115756
284 50 0.115768
361 53 0.115769
271 131 0.115796
113 128 0.115815
296 134 0.115824
151 49 0.115924
20 50 0.115927
348 46 0.115930
149 93 0.115946
225 76 0.115965
224 128 0.116039
225 134 0.116080
378 69 0.116098
379 131 0.116112
70 51 0.116137
310 103 0.116140
223 128 0.116180
226 63 0.116207
272 48 0.116214
20 53 0.116224
66 52 0.116259
10 69 0.116263
75 59 0.116297
360 66 0.116316
109 129 0.116335
384 117 0.116338
234 99 0.116354
11 142 0.116378
269 107 0.116400
10 67 0.116444
366 109 0.116470
150 96 0.116506
268 112 0.116539
387 46 0.116558
244 94 0.116599
75 113 0.116604
78 113 0.116608
190 69 0.116628
362 99 0.116635
66 96 0.116639
366 90 0.116656
225 58 0.116662
74 106 0.116669
222 113 0.116775
200 128 0.116788
151 107 0.116798
306 107 0.116801
377 106 0.116803
10 77 0.116818
386 68 0.116852
382 112 0.116857
66 97 0.116861
386 128 0.116874
80 103 0.116880
76 112 0.116899
359 96 0.116904
152 106 0.116935
223 56 0.116966
339 73 0.116967
364 129 0.116978
365 109 0.117005
12 76 0.117030
17 75 0.117033
157 50 0.117038
241 93 0.117065
155 57 0.117119
20 107 0.117136
383 123 0.117148
339 114 0.117166
363 58 0.117171
165 55 0.117177
355 134 0.117213
111 107 0.117235
228 60 0.117248
98 107 0.117254
245 50 0.117314
302 51 0.117354
164 53 0.117359
370 52 0.117393
250 52 0.117406
312 51 0.117407
15 70 0.117438
20 91 0.117473
18 77 0.117510
191 106 0.117618
137 70 0.117628
348 111 0.117659
225 44 0.117683
238 88 0.117722
83 45 0.117814
230 107 0.117841
145 129 0.117860
215 49 0.117885
226 74 0.117921
385 105 0.117924
363 112 0.117942
124 51 0.118013
386 130 0.118019
224 60 0.118175
227 66 0.118196
18 78 0.118231
379 90 0.118340
231 102 0.118357
149 130 0.118376
160 53 0.118397
375 61 0.118408
190 94 0.118466
194 53 0.118481
15 91 0.118499
306 95 0.118501
134 135 0.118528
253 99 0.118555
149 129 0.118564
315 138 0.118569
241 61 0.118589
229 66 0.118603
367 96 0.118656
78 45 0.118659
361 112 0.118719
67 51 0.118743
225 93 0.118745
157 88 0.118842
383 66 0.118883
163 52 0.118888
191 57 0.118893
191 89 0.118902
109 51 0.118917
10 101 0.118976
221 56 0.118986
387 67 0.119007
151 106 0.119025
20 100 0.119030
223 45 0.119064
114 130 0.119066
228 110 0.119084
298 89 0.119111
90 96 0.119134
158 52 0.119140
297 88 0.119185
311 102 0.119200
14 101 0.119272
201 107 0.119275
191 99 0.119362
223 99 0.119417
14 116 0.119485
188 131 0.119553
18 114 0.119572
88 96 0.119573
378 107 0.119596
78 135 0.119636
11 105 0.119699
234 106 0.119737
385 137 0.119741
272 46 0.119744
233 102 0.119747
387 87 0.119772
115 106 0.119797
356 129 0.119829
254 107 0.119832
190 130 0.119879
383 99 0.119889
384 121 0.119911
348 69 0.119932
377 134 0.119948
361 133 0.119974
383 50 0.119991
382 116 0.120003
80 111 0.120024
109 69 0.120028
88 88 0.120047
146 50 0.120060
133 128 0.120082
229 72 0.120085
74 48 0.120101
106 106 0.120107
192 128 0.120122
231 111 0.120123
236 95 0.120134
191 92 0.120254
311 103 0.120260
66 110 0.120266
17 114 0.120298
194 89 0.120304
191 93 0.120306
222 96 0.120314
14 106 0.120320
88 128 0.120358
270 47 0.120362
75 132 0.120384
170 46 0.120396
385 110 0.120454
160 50 0.120483
145 134 0.120533
193 56 0.120573
75 57 0.120585
10 106 0.120587
228 64 0.120606
225 105 0.120611
151 134 0.120655
242 76 0.120712
362 103 0.120738
148 52 0.120739
224 109 0.120740
253 46 0.120751
111 52 0.120784
72 104 0.120785
20 89 0.120786
167 49 0.120805
18 79 0.120902
149 49 0.120906
230 106 0.120913
18 127 0.120929
192 57 0.120990
15 63 0.121006
169 47 0.121054
151 128 0.121146
382 63 0.121162
20 128 0.121182
385 141 0.121191
257 73 0.121245
191 59 0.121247
302 50 0.121261
66 108 0.121282
165 128 0.121358
10 88 0.121389
352 74 0.121392
309 61 0.121433
194 107 0.121465
224 111 0.121510
237 107 0.121542
376 69 0.121552
258 112 0.121575
238 93 0.121598
383 117 0.121621
150 129 0.121625
305 107 0.121690
355 138 0.121705
242 62 0.121717
374 109 0.121805
223 48 0.121810
80 44 0.121862
134 131 0.121871
356 69 0.121875
10 108 0.121908
256 113 0.121917
90 49 0.121956
192 107 0.121958
224 107 0.121971
15 78 0.122010
352 48 0.122070
223 111 0.122091
367 45 0.122101
20 114 0.122105
361 45 0.122127
229 69 0.122141
111 130 0.122144
74 61 0.122202
362 102 0.122209
311 73 0.122214
80 47 0.122219
19 56 0.122247
386 137 0.122260
187 50 0.122287
112 107 0.122295
361 52 0.122298
365 69 0.122309
229 89 0.122312
223 53 0.122343
162 51 0.122368
119 50 0.122408
364 57 0.122417
385 43 0.122437
88 53 0.122455
365 107 0.122591
82 42 0.122604
74 112 0.122608
137 129 0.122650
385 68 0.122661
142 128 0.122674
159 51 0.122711
117 103 0.122837
194 90 0.122916
387 66 0.122946
364 128 0.123017
225 110 0.123049
192 129 0.123095
377 138 0.123096
226 68 0.123099
226 111 0.123104
17 80 0.123118
362 70 0.123147
314 138 0.123160
191 49 0.123170
223 63 0.123194
194 128 0.123254
225 138 0.123317
13 79 0.123342
18 112 0.123394
221 96 0.123521
382 59 0.123531
382 105 0.123602
154 50 0.123623
75 106 0.123728
75 53 0.123738
20 54 0.123741
67 52 0.123810
228 109 0.123982
117 106 0.123986
66 60 0.124000
367 108 0.124039
12 112 0.124059
229 96 0.124062
297 131 0.124079
223 50 0.124145
352 106 0.124156
239 96 0.124164
110 96 0.124174
130 138 0.124185
106 102 0.124195
361 99 0.124196
232 73 0.124202
19 64 0.124247
66 62 0.124251
19 112 0.124257
192 96 0.124307
145 50 0.124325
234 103 0.124343
345 73 0.124373
155 50 0.124419
386 61 0.124431
242 61 0.124438
242 74 0.124453
71 107 0.124472
376 50 0.124531
11 69 0.124560
20 96 0.124563
225 64 0.124565
374 111 0.124585
150 50 0.124637
385 71 0.124710
73 50 0.124715
191 55 0.124750
365 111 0.124883
241 94 0.124916
269 111 0.124990
149 96 0.125000
19 75 0.125014
222 55 0.125025
16 79 0.125046
244 50 0.125065
385 116 0.125135
83 52 0.125177
10 117 0.125190
359 129 0.125194
385 50 0.125212
229 88 0.125243
352 62 0.125248
359 45 0.125309
150 93 0.125388
230 90 0.125421
272 73 0.125446
383 131 0.125451
228 66 0.125458
112 106 0.125507
286 142 0.125598
189 129 0.125641
365 94 0.125755
10 90 0.125756
381 90 0.125785
386 96 0.125789
386 87 0.125791
386 134 0.125818
359 130 0.125969
68 56 0.125985
382 87 0.126029
137 50 0.126037
75 112 0.126041
362 89 0.126092
385 65 0.126125
385 92 0.126154
90 55 0.126287
188 134 0.126288
360 64 0.126294
170 50 0.126300
165 53 0.126381
74 100 0.126382
116 51 0.126409
151 89 0.126423
192 55 0.126426
361 103 0.126472
18 75 0.126497
386 131 0.126515
78 106 0.126537
14 56 0.126571
387 77 0.126600
387 45 0.126608
225 100 0.126623
379 126 0.126641
166 48 0.126650
67 58 0.126650
374 103 0.126666
254 94 0.126669
225 109 0.126671
90 53 0.126687
156 52 0.126698
296 135 0.126701
225 131 0.126728
308 48 0.126768
232 62 0.126776
201 96 0.126779
89 91 0.126789
191 94 0.126815
340 73 0.126848
237 52 0.126859
74 130 0.126861
102 134 0.126863
160 52 0.126908
361 58 0.126911
152 48 0.126929
225 55 0.126938
386 77 0.126946
140 128 0.126991
345 70 0.127049
364 103 0.127105
11 110 0.127115
364 102 0.127136
149 128 0.127146
361 70 0.127153
82 43 0.127182
381 74 0.127261
378 126 0.127279
191 69 0.127282
235 99 0.127305
88 90 0.127395
362 94 0.127402
301 48 0.127440
93 50 0.127444
223 101 0.127467
372 107 0.127471
75 128 0.127520
18 74 0.127560
360 94 0.127615
11 76 0.127663
272 62 0.127670
355 74 0.127700
92 128 0.127791
186 134 0.127792
15 50 0.127815
225 53 0.127847
383 76 0.127863
75 100 0.127917
151 55 0.127967
361 54 0.127997
257 106 0.128000
75 94 0.128013
299 50 0.128128
383 45 0.128152
11 101 0.128178
74 57 0.128185
308 61 0.128217
19 114 0.128241
89 128 0.128241
379 55 0.128259
115 130 0.128272
311 62 0.128354
360 130 0.128408
14 54 0.128493
257 50 0.128495
340 111 0.128511
246 107 0.128525
93 92 0.128535
305 61 0.128581
382 88 0.128640
280 50 0.128716
66 57 0.128717
385 130 0.128735
226 75 0.128760
375 69 0.128785
365 48 0.128791
380 125 0.128819
382 125 0.128824
110 69 0.128878
269 106 0.128959
339 117 0.128963
20 59 0.129026
17 77 0.129028
90 129 0.129087
68 54 0.129104
66 53 0.129220
10 66 0.129242
89 50 0.129261
308 62 0.129284
165 49 0.129309
386 107 0.129336
76 108 0.129520
278 138 0.129565
296 131 0.129648
14 109 0.129652
300 91 0.129661
75 55 0.129688
382 77 0.129717
381 103 0.129720
20 104 0.129733
150 130 0.129744
234 90 0.129750
312 69 0.129777
238 96 0.129817
69 54 0.129841
154 89 0.129844
387 115 0.129863
151 129 0.129883
385 123 0.129887
67 54 0.129919
348 106 0.129929
360 96 0.129936
296 142 0.130022
20 90 0.130062
68 53 0.130066
383 80 0.130123
371 107 0.130130
110 99 0.130142
226 60 0.130157
151 90 0.130255
72 108 0.130322
231 103 0.130334
227 76 0.130341
382 63 0.130362
74 55 0.130403
367 109 0.130427
14 78 0.130498
385 44 0.130527
14 120 0.130545
90 52 0.130570
17 78 0.130580
253 138 0.130608
14 90 0.130719
133 145 0.130769
224 61 0.130771
105 70 0.130810
315 46 0.130825
79 49 0.130841
79 46 0.130875
11 90 0.130883
114 129 0.130926
77 48 0.130991
82 45 0.130991
148 128 0.131060
367 90 0.131077
20 58 0.131084
253 103 0.131227
288 135 0.131266
133 134 0.131280
75 129 0.131345
307 52 0.131502
221 76 0.131523
274 103 0.131525
299 73 0.131563
92 90 0.131567
232 50 0.131584
310 63 0.131661
225 112 0.131686
232 102 0.131686
293 135 0.131750
241 50 0.131763
11 89 0.131798
224 54 0.131838
168 51 0.131958
386 67 0.131992
115 107 0.132001
276 50 0.132025
311 138 0.132034
15 89 0.132094
353 131 0.132134
269 112 0.132160
361 59 0.132197
70 52 0.132403
368 53 0.132407
80 107 0.132462
20 110 0.132501
66 54 0.132616
155 88 0.132620
387 40 0.132697
271 111 0.132717
156 51 0.132723
362 111 0.132734
363 61 0.132738
78 49 0.132744
95 46 0.132808
244 61 0.132818
72 50 0.132894
238 50 0.132897
378 73 0.132900
356 128 0.132903
230 88 0.132935
163 51 0.132950
92 89 0.132959
361 89 0.132978
363 90 0.132987
361 61 0.133039
10 73 0.133049
74 109 0.133054
297 134 0.133070
66 64 0.133076
386 129 0.133076
308 93 0.133086
68 60 0.133141
109 50 0.133178
272 128 0.133211
234 93 0.133298
362 69 0.133310
297 129 0.133378
227 75 0.133395
66 58 0.133473
227 96 0.133492
172 47 0.133536
20 101 0.133542
238 95 0.133557
15 101 0.133626
192 52 0.133701
20 109 0.133712
362 73 0.133733
362 106 0.133777
223 100 0.133788
308 49 0.133793
227 60 0.133818
149 52 0.133824
20 108 0.133835
11 70 0.133869
224 74 0.133929
115 50 0.133966
385 134 0.134033
70 54 0.134035
246 94 0.134052
236 52 0.134086
228 96 0.134173
299 92 0.134201
226 108 0.134221
144 128 0.134306
253 48 0.134309
297 73 0.134318
15 80 0.134365
14 119 0.134439
161 50 0.134471
10 80 0.134486
112 129 0.134593
96 45 0.134633
246 52 0.134713
365 110 0.134732
71 108 0.134788
10 113 0.134814
383 102 0.134820
222 76 0.134841
82 52 0.134887
349 70 0.135038
336 134 0.135086
106 134 0.135140
243 52 0.135162
75 109 0.135287
361 93 0.135341
364 134 0.135354
257 46 0.135362
382 91 0.135366
356 138 0.135397
158 51 0.135430
381 121 0.135443
243 51 0.135455
236 50 0.135488
231 89 0.135502
111 129 0.135535
152 51 0.135570
10 78 0.135585
382 41 0.135624
92 92 0.135635
229 94 0.135689
19 76 0.135699
102 103 0.135750
148 51 0.135837
114 128 0.135841
14 137 0.135892
361 106 0.135928
115 51 0.135959
89 53 0.135983
70 53 0.136144
225 102 0.136158
225 63 0.136264
67 59 0.136280
224 53 0.136297
233 50 0.136342
191 103 0.136374
74 96 0.136484
150 107 0.136490
304 96 0.136531
109 128 0.136573
351 73 0.136626
280 52 0.136649
168 50 0.136658
361 138 0.136696
11 114 0.136791
10 89 0.136881
385 135 0.136953
356 70 0.137095
226 61 0.137098
17 79 0.137166
149 50 0.137175
192 50 0.137260
14 89 0.137320
155 51 0.137325
67 60 0.137364
381 46 0.137385
109 73 0.137387
81 44 0.137412
223 112 0.137480
15 106 0.137489
306 96 0.137500
82 51 0.137534
72 49 0.137549
384 76 0.137575
339 128 0.137721
19 74 0.137730
368 52 0.137738
137 141 0.137781
74 135 0.137807
15 109 0.137827
225 72 0.137863
105 73 0.137866
364 46 0.137930
156 88 0.137976
149 94 0.137980
226 106 0.137984
299 106 0.137989
194 55 0.138022
363 57 0.138025
150 52 0.138095
142 134 0.138132
377 128 0.138147
66 112 0.138226
227 64 0.138246
257 69 0.138255
11 117 0.138288
81 43 0.138290
153 55 0.138307
231 91 0.138307
82 44 0.138415
359 46 0.138461
162 50 0.138468
387 75 0.138498
109 131 0.138594
169 48 0.138677
75 104 0.138724
17 76 0.138728
311 134 0.138733
105 134 0.138749
226 52 0.138760
365 91 0.138806
273 50 0.138821
223 54 0.138891
169 51 0.138931
278 50 0.138955
383 129 0.138956
383 126 0.139082
223 55 0.139085
79 110 0.139136
361 57 0.139159
356 134 0.139176
361 130 0.139355
225 69 0.139372
304 93 0.139409
383 111 0.139437
111 128 0.139477
233 90 0.139490
76 109 0.139504
381 62 0.139511
229 111 0.139533
77 45 0.139641
272 52 0.139732
355 46 0.139732
311 92 0.139742
271 48 0.139773
152 90 0.139784
73 108 0.139808
71 54 0.139851
382 78 0.139856
355 70 0.139867
72 53 0.139907
383 113 0.140068
109 138 0.140135
339 112 0.140159
157 52 0.140221
381 135 0.140251
15 114 0.140267
289 139 0.140291
15 123 0.140319
10 74 0.140378
166 51 0.140386
190 107 0.140417
93 46 0.140434
222 47 0.140456
276 138 0.140458
226 94 0.140515
229 103 0.140549
377 131 0.140601
378 122 0.140684
15 73 0.140721
67 63 0.140780
102 106 0.140893
363 54 0.140923
223 96 0.140924
15 90 0.140952
386 78 0.141025
110 51 0.141188
67 53 0.141210
229 73 0.141213
348 134 0.141217
133 137 0.141262
299 90 0.141332
274 70 0.141361
367 89 0.141456
289 135 0.141553
66 55 0.141574
222 53 0.141599
151 93 0.141690
117 138 0.141777
92 91 0.141813
303 52 0.141828
117 131 0.141839
361 96 0.141856
386 69 0.141866
190 96 0.141876
250 50 0.141936
232 99 0.141942
231 73 0.141957
269 46 0.142022
366 50 0.142126
303 94 0.142153
223 46 0.142185
385 48 0.142242
153 48 0.142304
385 142 0.142329
382 76 0.142332
229 90 0.142466
226 51 0.142467
235 91 0.142474
158 50 0.142544
289 138 0.142595
110 129 0.142653
383 138 0.142667
20 71 0.142764
301 92 0.142816
10 110 0.142825
111 51 0.142942
365 106 0.142943
339 137 0.142967
20 57 0.143007
367 87 0.143086
151 48 0.143134
11 109 0.143167
190 52 0.143324
14 113 0.143388
361 56 0.143397
332 138 0.143400
253 73 0.143544
75 108 0.143612
362 51 0.143688
386 141 0.143706
360 49 0.143730
88 52 0.143775
191 52 0.143789
75 47 0.143827
74 132 0.143885
253 106 0.143909
18 76 0.144015
226 96 0.144144
222 45 0.144218
20 60 0.144261
362 128 0.144364
230 89 0.144365
382 44 0.144416
137 131 0.144438
299 46 0.144439
305 96 0.144463
367 107 0.144516
385 45 0.144547
359 128 0.144572
339 113 0.144585
20 113 0.144630
339 111 0.144630
110 131 0.144679
362 57 0.144711
292 134 0.144734
386 60 0.144771
138 134 0.144777
271 46 0.144849
75 135 0.144898
378 113 0.144920
89 52 0.144953
272 134 0.144957
282 142 0.145063
76 52 0.145094
362 56 0.145100
71 53 0.145177
305 93 0.145209
272 142 0.145242
223 76 0.145259
387 44 0.145270
364 54 0.145322
242 52 0.145325
18 63 0.145417
381 123 0.145420
74 128 0.145488
67 56 0.145657
296 138 0.145744
237 51 0.145750
224 51 0.145760
145 128 0.145781
361 91 0.145786
154 91 0.145833
383 134 0.145844
67 57 0.145849
276 134 0.145899
89 89 0.145910
189 51 0.145978
292 131 0.146046
239 52 0.146059
14 74 0.146118
188 50 0.146140
150 94 0.146282
362 138 0.146300
112 128 0.146322
161 52 0.146338
160 51 0.146399
274 135 0.146456
306 50 0.146482
15 117 0.146499
92 51 0.146520
222 114 0.146624
240 52 0.146624
377 117 0.146650
69 53 0.146725
77 110 0.146794
110 134 0.146858
117 48 0.146957
15 76 0.146963
387 112 0.146976
376 73 0.147033
299 138 0.147250
169 49 0.147263
385 59 0.147289
222 56 0.147351
339 134 0.147358
361 63 0.147379
14 80 0.147468
381 102 0.147590
102 138 0.147735
74 53 0.147813
306 94 0.147814
14 114 0.147831
385 69 0.147832
109 134 0.147940
224 110 0.147942
110 50 0.148041
94 47 0.148102
117 134 0.148165
245 52 0.148172
352 102 0.148290
297 50 0.148301
11 106 0.148385
377 122 0.148399
78 107 0.148570
141 129 0.148745
303 50 0.148974
74 129 0.149095
385 125 0.149170
110 106 0.149187
257 113 0.149335
386 65 0.149372
383 42 0.149383
20 111 0.149385
297 141 0.149419
74 103 0.149489
367 54 0.149559
271 103 0.149643
364 106 0.149644
383 122 0.149756
237 94 0.149813
276 48 0.149819
242 51 0.149834
361 62 0.149861
14 111 0.149894
378 55 0.150037
272 138 0.150155
378 62 0.150159
164 52 0.150191
90 89 0.150201
360 45 0.150210
365 56 0.150274
165 52 0.150313
10 76 0.150338
151 51 0.150362
363 53 0.150429
235 51 0.150443
225 129 0.150664
240 51 0.150825
226 109 0.150836
362 90 0.150861
11 73 0.150884
155 89 0.150947
153 89 0.150956
381 73 0.150961
224 96 0.150970
375 94 0.150970
191 129 0.150993
88 51 0.151036
14 73 0.151115
11 74 0.151133
309 94 0.151234
387 88 0.151245
167 50 0.151275
378 135 0.151357
110 107 0.151442
364 56 0.151476
67 55 0.151511
74 104 0.151524
308 94 0.151617
110 103 0.151665
167 51 0.151819
149 107 0.151912
71 51 0.152227
387 76 0.152304
379 138 0.152336
66 61 0.152426
361 94 0.152482
231 92 0.152540
11 113 0.152655
224 45 0.152817
191 128 0.153048
362 131 0.153098
110 128 0.153123
119 48 0.153134
356 135 0.153278
349 139 0.153284
253 50 0.153427
10 114 0.153451
225 128 0.153468
151 91 0.153599
246 51 0.153606
227 109 0.153785
385 66 0.153843
20 73 0.153901
379 134 0.153931
238 94 0.153975
289 142 0.154035
272 103 0.154108
232 106 0.154193
106 138 0.154204
309 107 0.154463
383 69 0.154463
152 50 0.154466
75 48 0.154514
239 51 0.154553
66 74 0.154779
10 111 0.154857
361 55 0.154938
78 47 0.155127
88 89 0.155196
361 51 0.155404
374 50 0.155515
75 96 0.155637
90 50 0.155712
272 131 0.155754
349 142 0.155786
361 137 0.155808
234 50 0.155959
385 138 0.155963
386 48 0.155994
378 129 0.156179
249 50 0.156243
274 131 0.156379
226 72 0.156488
76 47 0.156499
10 109 0.156647
15 113 0.156702
67 61 0.156743
20 55 0.156756
225 90 0.156891
153 90 0.156956
382 129 0.157026
74 108 0.157061
226 64 0.157159
20 56 0.157199
353 135 0.157327
190 128 0.157411
361 90 0.157461
305 95 0.157567
362 129 0.157574
245 51 0.157698
385 42 0.157707
364 62 0.157841
356 45 0.157938
364 52 0.158124
14 76 0.158620
192 51 0.158629
274 48 0.158871
234 91 0.159152
385 88 0.159170
222 112 0.159258
157 51 0.159301
236 93 0.159346
280 51 0.159587
73 49 0.159604
361 92 0.159691
154 90 0.159705
224 76 0.159726
105 138 0.159729
149 51 0.159881
383 92 0.159908
78 103 0.159976
377 129 0.160215
257 111 0.160245
386 64 0.160298
90 93 0.160412
224 52 0.160468
381 70 0.160478
137 128 0.160492
309 50 0.160493
80 50 0.160517
362 93 0.160568
274 102 0.160590
191 96 0.160645
225 94 0.160654
271 50 0.160732
20 76 0.160767
235 94 0.160797
387 63 0.160916
225 96 0.161215
89 51 0.161361
93 48 0.161435
191 50 0.161461
223 74 0.161479
190 50 0.161667
365 49 0.161975
222 54 0.162005
153 92 0.162079
274 73 0.162203
189 50 0.162213
150 51 0.162350
297 46 0.162429
304 95 0.162481
361 50 0.162692
364 53 0.162863
90 128 0.162873
361 73 0.162879
14 117 0.163062
299 134 0.163233
386 117 0.163313
385 128 0.163324
232 103 0.163355
153 50 0.163403
385 62 0.163467
236 107 0.163616
72 107 0.163760
15 74 0.163837
224 75 0.164019
154 92 0.164080
225 62 0.164124
383 63 0.164189
309 51 0.164338
14 123 0.164386
387 39 0.164410
89 90 0.164414
387 78 0.164510
71 52 0.164515
274 106 0.164533
15 111 0.164641
378 70 0.164687
345 138 0.164699
20 112 0.164983
304 50 0.165035
151 92 0.165318
75 103 0.165320
366 54 0.165480
152 91 0.165642
355 73 0.165674
225 46 0.165687
382 55 0.165775
382 114 0.165811
225 52 0.165845
312 48 0.166005
20 75 0.166260
297 45 0.166264
235 93 0.166294
386 138 0.166317
115 128 0.166491
386 75 0.166560
91 90 0.166692
164 51 0.166748
250 51 0.166755
385 121 0.166788
223 113 0.166954
348 70 0.167017
385 129 0.167218
225 61 0.167298
345 142 0.167382
66 56 0.167778
362 62 0.168080
238 52 0.168826
20 64 0.168842
169 50 0.168878
73 52 0.169021
387 43 0.169181
367 51 0.169307
232 90 0.169529
375 51 0.169539
165 50 0.169838
363 56 0.169922
364 111 0.169929
225 113 0.169947
307 51 0.170049
231 90 0.170056
80 45 0.170350
366 88 0.170497
385 122 0.170557
386 71 0.170584
382 74 0.170794
306 52 0.170830
242 63 0.171217
385 70 0.171291
387 74 0.171430
236 51 0.171617
225 92 0.171978
352 73 0.172506
308 92 0.172767
224 112 0.172865
161 51 0.172895
244 52 0.172974
117 50 0.173040
272 129 0.173046
365 92 0.173067
15 112 0.173275
227 107 0.173288
151 50 0.173297
190 129 0.173354
20 61 0.173406
115 129 0.173412
374 107 0.173555
365 89 0.173795
304 94 0.173816
191 107 0.174014
228 107 0.174041
190 51 0.174126
19 63 0.174178
383 106 0.174185
11 111 0.174195
288 138 0.174229
382 69 0.174411
79 45 0.174413
382 122 0.174612
365 55 0.174655
385 89 0.174733
225 74 0.174843
299 102 0.175139
361 69 0.175216
386 66 0.175325
385 76 0.175332
91 91 0.175508
379 69 0.175662
381 138 0.175747
225 51 0.175847
226 110 0.175867
385 131 0.175878
356 131 0.175933
362 55 0.176038
363 94 0.176195
225 99 0.176222
299 48 0.176462
381 92 0.176926
301 50 0.177155
385 126 0.177222
81 45 0.177606
141 128 0.177660
78 111 0.177769
14 112 0.177954
90 92 0.178146
10 112 0.178196
191 51 0.178242
361 131 0.178262
303 51 0.178429
381 128 0.179289
244 51 0.179312
153 91 0.179495
382 40 0.179633
225 73 0.179709
363 55 0.179748
386 109 0.179769
235 92 0.179805
308 52 0.179873
311 48 0.180636
352 131 0.180642
292 138 0.180875
92 93 0.180885
241 52 0.181135
348 73 0.181231
297 142 0.181647
232 91 0.181817
77 49 0.182393
386 142 0.182438
91 48 0.182508
8 144 0.182525
386 43 0.182858
285 138 0.182960
285 142 0.182973
72 52 0.183611
233 91 0.183970
379 46 0.184309
361 128 0.184625
9 144 0.184676
274 50 0.185025
75 52 0.185702
76 48 0.186240
381 117 0.186402
231 106 0.187153
90 90 0.187684
271 106 0.187770
152 92 0.188007
137 137 0.188142
366 89 0.188239
73 107 0.189110
92 49 0.189398
386 88 0.189414
80 48 0.189478
361 129 0.189624
363 91 0.189821
305 50 0.189828
382 135 0.189848
76 107 0.189865
297 138 0.189928
304 52 0.189998
272 51 0.190194
8 143 0.190589
383 48 0.190774
238 51 0.190961
133 142 0.191019
72 51 0.191091
367 53 0.191163
11 112 0.191206
385 73 0.191377
348 138 0.191451
362 47 0.191453
364 90 0.191611
386 73 0.191933
165 51 0.191995
379 62 0.192228
91 50 0.192259
385 109 0.192610
241 51 0.192881
382 113 0.193242
378 99 0.193495
386 44 0.193860
379 70 0.194001
232 92 0.194183
305 94 0.194718
20 62 0.194837
91 92 0.194904
134 134 0.194987
73 51 0.195028
378 92 0.195060
233 92 0.195160
364 92 0.195244
225 107 0.195526
386 112 0.195683
367 88 0.195747
363 93 0.195807
381 50 0.196062
365 54 0.196231
166 50 0.196293
307 50 0.197522
78 50 0.197577
292 135 0.197637
7 144 0.198015
387 114 0.198105
297 106 0.199148
381 48 0.199170
386 59 0.199697
66 63 0.199796
133 141 0.200477
386 76 0.200832
360 46 0.201220
79 47 0.201559
364 89 0.201968
352 46 0.202019
378 131 0.202318
386 106 0.202776
90 51 0.202805
352 70 0.203122
378 111 0.203223
74 52 0.203512
272 50 0.203638
381 129 0.203935
235 50 0.204379
385 63 0.204508
225 111 0.204823
312 50 0.204895
229 107 0.205092
306 51 0.205163
385 114 0.205169
382 126 0.205680
365 53 0.205908
386 89 0.206015
386 70 0.206468
7 143 0.206913
272 106 0.206990
225 50 0.207193
379 99 0.207342
385 74 0.207384
366 53 0.208461
383 90 0.208501
356 46 0.209244
381 134 0.209794
362 134 0.210111
74 49 0.210724
361 134 0.210754
349 135 0.210925
386 62 0.211174
367 52 0.211209
133 138 0.211655
383 62 0.211746
74 107 0.213098
364 55 0.213168
386 111 0.213244
386 113 0.214559
229 106 0.214790
234 92 0.214792
382 131 0.214822
385 112 0.215004
386 90 0.215379
366 51 0.215752
76 51 0.216257
352 134 0.216553
386 114 0.216806
236 94 0.217144
381 111 0.217251
226 107 0.217290
349 138 0.218436
75 107 0.218760
274 134 0.218911
362 92 0.218958
382 90 0.219313
362 91 0.219579
381 125 0.220079
362 50 0.220480
375 103 0.220495
385 90 0.221413
363 52 0.221683
137 138 0.221898
90 91 0.222392
225 106 0.222549
76 49 0.222653
383 70 0.222732
274 138 0.223251
363 48 0.223688
305 52 0.223881
78 46 0.223954
382 39 0.223963
385 117 0.224701
9 145 0.225094
365 90 0.225538
381 106 0.225701
134 138 0.227244
381 113 0.227781
352 135 0.229184
374 106 0.230012
386 45 0.230646
381 122 0.230665
137 134 0.231024
225 103 0.231718
7 142 0.231969
304 51 0.232112
77 47 0.232131
366 52 0.232575
386 42 0.232935
381 131 0.234258
385 106 0.235529
365 52 0.235531
364 91 0.238312
378 138 0.238543
75 49 0.239222
8 145 0.240024
311 50 0.241014
361 46 0.242332
80 46 0.242442
375 50 0.243259
379 92 0.243338
378 48 0.244394
375 107 0.246842
365 50 0.247039
379 102 0.247394
375 106 0.248693
378 134 0.249443
381 126 0.250294
379 106 0.250666
75 50 0.252093
382 73 0.252741
352 138 0.252873
360 47 0.253073
383 74 0.253320
76 50 0.253586
363 92 0.253875
74 51 0.256613
10 145 0.257756
74 50 0.257977
382 111 0.258597
379 73 0.258729
75 51 0.259192
382 99 0.259562
362 46 0.260473
308 51 0.262203
385 46 0.264079
382 62 0.264719
379 48 0.265812
305 51 0.267439
379 103 0.267800
364 51 0.269206
361 47 0.270353
361 48 0.271059
383 73 0.271356
385 111 0.272006
363 50 0.272620
382 50 0.273384
382 134 0.273577
364 49 0.276310
362 49 0.281027
385 113 0.282232
78 48 0.283088
382 70 0.287284
379 50 0.287803
382 138 0.288650
361 49 0.292329
365 51 0.297785
378 102 0.299769
382 92 0.302221
382 103 0.302422
7 145 0.303141
308 50 0.303827
378 50 0.309457
382 46 0.312595
363 51 0.315857
383 46 0.316350
20 74 0.317243
378 103 0.322308
386 46 0.324051
382 48 0.356734
364 48 0.359942
386 74 0.360059
382 106 0.360155
382 102 0.362511
386 63 0.366236
20 63 0.380618
363 49 0.382768
362 48 0.387538
378 106 0.396038
364 50 0.397822
